

 #E=    88.471489377616891     
          0.000000000000            0.008876817928
          0.002004008016            0.017753285414
          0.004008016032            0.026629052031
          0.006012024048            0.035503767379
          0.008016032064            0.044377081099
          0.010020040080            0.053248642888
          0.012024048096            0.062118102511
          0.014028056112            0.070985109818
          0.016032064128            0.079849314755
          0.018036072144            0.088710367377
          0.020040080160            0.097567917866
          0.022044088176            0.106421616540
          0.024048096192            0.115271113872
          0.026052104208            0.124116060497
          0.028056112224            0.132956107233
          0.030060120240            0.141790905089
          0.032064128257            0.150620105283
          0.034068136273            0.159443359253
          0.036072144289            0.168260318673
          0.038076152305            0.177070635463
          0.040080160321            0.185873961808
          0.042084168337            0.194669950167
          0.044088176353            0.203458253290
          0.046092184369            0.212238524229
          0.048096192385            0.221010416355
          0.050100200401            0.229773583368
          0.052104208417            0.238527679314
          0.054108216433            0.247272358595
          0.056112224449            0.256007275987
          0.058116232465            0.264732086650
          0.060120240481            0.273446446144
          0.062124248497            0.282150010440
          0.064128256513            0.290842435937
          0.066132264529            0.299523379473
          0.068136272545            0.308192498338
          0.070140280561            0.316849450292
          0.072144288577            0.325493893571
          0.074148296593            0.334125486910
          0.076152304609            0.342743889546
          0.078156312625            0.351348761240
          0.080160320641            0.359939762287
          0.082164328657            0.368516553529
          0.084168336673            0.377078796368
          0.086172344689            0.385626152781
          0.088176352705            0.394158285335
          0.090180360721            0.402674857195
          0.092184368737            0.411175532140
          0.094188376754            0.419659974580
          0.096192384770            0.428127849563
          0.098196392786            0.436578822791
          0.100200400802            0.445012560636
          0.102204408818            0.453428730146
          0.104208416834            0.461826999066
          0.106212424850            0.470207035848
          0.108216432866            0.478568509660
          0.110220440882            0.486911090408
          0.112224448898            0.495234448739
          0.114228456914            0.503538256063
          0.116232464930            0.511822184558
          0.118236472946            0.520085907191
          0.120240480962            0.528329097722
          0.122244488978            0.536551430725
          0.124248496994            0.544752581596
          0.126252505010            0.552932226568
          0.128256513026            0.561090042723
          0.130260521042            0.569225708004
          0.132264529058            0.577338901229
          0.134268537074            0.585429302102
          0.136272545090            0.593496591229
          0.138276553106            0.601540450127
          0.140280561122            0.609560561239
          0.142284569138            0.617556607943
          0.144288577154            0.625528274569
          0.146292585170            0.633475246411
          0.148296593186            0.641397209735
          0.150300601202            0.649293851795
          0.152304609218            0.657164860846
          0.154308617234            0.665009926153
          0.156312625251            0.672828738008
          0.158316633267            0.680620987736
          0.160320641283            0.688386367712
          0.162324649299            0.696124571374
          0.164328657315            0.703835293230
          0.166332665331            0.711518228874
          0.168336673347            0.719173074997
          0.170340681363            0.726799529398
          0.172344689379            0.734397290998
          0.174348697395            0.741966059851
          0.176352705411            0.749505537155
          0.178356713427            0.757015425263
          0.180360721443            0.764495427698
          0.182364729459            0.771945249164
          0.184368737475            0.779364595553
          0.186372745491            0.786753173962
          0.188376753507            0.794110692703
          0.190380761523            0.801436861314
          0.192384769539            0.808731390570
          0.194388777555            0.815993992495
          0.196392785571            0.823224380375
          0.198396793587            0.830422268767
          0.200400801603            0.837587373509
          0.202404809619            0.844719411736
          0.204408817635            0.851818101887
          0.206412825651            0.858883163718
          0.208416833667            0.865914318313
          0.210420841683            0.872911288093
          0.212424849699            0.879873796831
          0.214428857715            0.886801569657
          0.216432865731            0.893694333077
          0.218436873747            0.900551814974
          0.220440881764            0.907373744628
          0.222444889780            0.914159852720
          0.224448897796            0.920909871347
          0.226452905812            0.927623534029
          0.228456913828            0.934300575722
          0.230460921844            0.940940732829
          0.232464929860            0.947543743206
          0.234468937876            0.954109346180
          0.236472945892            0.960637282550
          0.238476953908            0.967127294606
          0.240480961924            0.973579126132
          0.242484969940            0.979992522421
          0.244488977956            0.986367230283
          0.246492985972            0.992702998057
          0.248496993988            0.998999575616
          0.250501002004            1.005256714383
          0.252505010020            1.011474167336
          0.254509018036            1.017651689020
          0.256513026052            1.023789035559
          0.258517034068            1.029885964660
          0.260521042084            1.035942235627
          0.262525050100            1.041957609368
          0.264529058116            1.047931848407
          0.266533066132            1.053864716891
          0.268537074148            1.059755980601
          0.270541082164            1.065605406960
          0.272545090180            1.071412765042
          0.274549098196            1.077177825582
          0.276553106212            1.082900360987
          0.278557114228            1.088580145340
          0.280561122244            1.094216954413
          0.282565130261            1.099810565674
          0.284569138277            1.105360758298
          0.286573146293            1.110867313171
          0.288577154309            1.116330012906
          0.290581162325            1.121748641843
          0.292585170341            1.127122986065
          0.294589178357            1.132452833401
          0.296593186373            1.137737973439
          0.298597194389            1.142978197530
          0.300601202405            1.148173298799
          0.302605210421            1.153323072152
          0.304609218437            1.158427314285
          0.306613226453            1.163485823692
          0.308617234469            1.168498400671
          0.310621242485            1.173464847334
          0.312625250501            1.178384967614
          0.314629258517            1.183258567274
          0.316633266533            1.188085453911
          0.318637274549            1.192865436970
          0.320641282565            1.197598327744
          0.322645290581            1.202283939386
          0.324649298597            1.206922086918
          0.326653306613            1.211512587232
          0.328657314629            1.216055259104
          0.330661322645            1.220549923197
          0.332665330661            1.224996402069
          0.334669338677            1.229394520181
          0.336673346693            1.233744103902
          0.338677354709            1.238044981519
          0.340681362725            1.242296983240
          0.342685370741            1.246499941204
          0.344689378758            1.250653689484
          0.346693386774            1.254758064099
          0.348697394790            1.258812903014
          0.350701402806            1.262818046151
          0.352705410822            1.266773335394
          0.354709418838            1.270678614595
          0.356713426854            1.274533729580
          0.358717434870            1.278338528156
          0.360721442886            1.282092860117
          0.362725450902            1.285796577246
          0.364729458918            1.289449533329
          0.366733466934            1.293051584152
          0.368737474950            1.296602587513
          0.370741482966            1.300102403224
          0.372745490982            1.303550893119
          0.374749498998            1.306947921056
          0.376753507014            1.310293352928
          0.378757515030            1.313587056662
          0.380761523046            1.316828902228
          0.382765531062            1.320018761645
          0.384769539078            1.323156508981
          0.386773547094            1.326242020364
          0.388777555110            1.329275173983
          0.390781563126            1.332255850094
          0.392785571142            1.335183931026
          0.394789579158            1.338059301183
          0.396793587174            1.340881847050
          0.398797595190            1.343651457198
          0.400801603206            1.346368022287
          0.402805611222            1.349031435072
          0.404809619238            1.351641590407
          0.406813627255            1.354198385246
          0.408817635271            1.356701718651
          0.410821643287            1.359151491797
          0.412825651303            1.361547607968
          0.414829659319            1.363889972572
          0.416833667335            1.366178493135
          0.418837675351            1.368413079311
          0.420841683367            1.370593642882
          0.422845691383            1.372720097763
          0.424849699399            1.374792360005
          0.426853707415            1.376810347799
          0.428857715431            1.378773981478
          0.430861723447            1.380683183521
          0.432865731463            1.382537878557
          0.434869739479            1.384337993364
          0.436873747495            1.386083456879
          0.438877755511            1.387774200192
          0.440881763527            1.389410156556
          0.442885771543            1.390991261386
          0.444889779559            1.392517452264
          0.446893787575            1.393988668937
          0.448897795591            1.395404853324
          0.450901803607            1.396765949518
          0.452905811623            1.398071903783
          0.454909819639            1.399322664564
          0.456913827655            1.400518182483
          0.458917835671            1.401658410342
          0.460921843687            1.402743303127
          0.462925851703            1.403772818009
          0.464929859719            1.404746914343
          0.466933867735            1.405665553675
          0.468937875752            1.406528699738
          0.470941883768            1.407336318457
          0.472945891784            1.408088377948
          0.474949899800            1.408784848521
          0.476953907816            1.409425702680
          0.478957915832            1.410010915127
          0.480961923848            1.410540462757
          0.482965931864            1.411014324665
          0.484969939880            1.411432482143
          0.486973947896            1.411794918685
          0.488977955912            1.412101619980
          0.490981963928            1.412352573922
          0.492985971944            1.412547770603
          0.494989979960            1.412687202316
          0.496993987976            1.412770863559
          0.498997995992            1.412798751026
          0.501002004008            1.412770863618
          0.503006012024            1.412687202436
          0.505010020040            1.412547770783
          0.507014028056            1.412352574162
          0.509018036072            1.412101620280
          0.511022044088            1.411794919044
          0.513026052104            1.411432482563
          0.515030060120            1.411014325144
          0.517034068136            1.410540463296
          0.519038076152            1.410010915726
          0.521042084168            1.409425703339
          0.523046092184            1.408784849239
          0.525050100200            1.408088378726
          0.527054108216            1.407336319295
          0.529058116232            1.406528700636
          0.531062124248            1.405665554633
          0.533066132265            1.404746915360
          0.535070140281            1.403772819085
          0.537074148297            1.402743304263
          0.539078156313            1.401658411538
          0.541082164329            1.400518183738
          0.543086172345            1.399322665879
          0.545090180361            1.398071905157
          0.547094188377            1.396765950951
          0.549098196393            1.395404854817
          0.551102204409            1.393988670488
          0.553106212425            1.392517453875
          0.555110220441            1.390991263056
          0.557114228457            1.389410158285
          0.559118236473            1.387774201980
          0.561122244489            1.386083458725
          0.563126252505            1.384337995270
          0.565130260521            1.382537880521
          0.567134268537            1.380683185544
          0.569138276553            1.378773983559
          0.571142284569            1.376810349938
          0.573146292585            1.374792362203
          0.575150300601            1.372720100019
          0.577154308617            1.370593645196
          0.579158316633            1.368413081684
          0.581162324649            1.366178495566
          0.583166332665            1.363889975061
          0.585170340681            1.361547610515
          0.587174348697            1.359151494401
          0.589178356713            1.356701721313
          0.591182364729            1.354198387965
          0.593186372745            1.351641593183
          0.595190380762            1.349031437906
          0.597194388778            1.346368025178
          0.599198396794            1.343651460146
          0.601202404810            1.340881850055
          0.603206412826            1.338059304245
          0.605210420842            1.335183934145
          0.607214428858            1.332255853269
          0.609218436874            1.329275177214
          0.611222444890            1.326242023652
          0.613226452906            1.323156512325
          0.615230460922            1.320018765045
          0.617234468938            1.316828905684
          0.619238476954            1.313587060174
          0.621242484970            1.310293356496
          0.623246492986            1.306947924679
          0.625250501002            1.303550896797
          0.627254509018            1.300102406958
          0.629258517034            1.296602591302
          0.631262525050            1.293051587996
          0.633266533066            1.289449537228
          0.635270541082            1.285796581200
          0.637274549098            1.282092864124
          0.639278557114            1.278338532218
          0.641282565130            1.274533733696
          0.643286573146            1.270678618765
          0.645290581162            1.266773339618
          0.647294589178            1.262818050428
          0.649298597194            1.258812907345
          0.651302605210            1.254758068483
          0.653306613226            1.250653693922
          0.655310621242            1.246499945695
          0.657314629259            1.242296987784
          0.659318637275            1.238044986115
          0.661322645291            1.233744108551
          0.663326653307            1.229394524882
          0.665330661323            1.224996406822
          0.667334669339            1.220549928002
          0.669338677355            1.216055263961
          0.671342685371            1.211512592140
          0.673346693387            1.206922091877
          0.675350701403            1.202283944397
          0.677354709419            1.197598332805
          0.679358717435            1.192865442082
          0.681362725451            1.188085459074
          0.683366733467            1.183258572486
          0.685370741483            1.178384972877
          0.687374749499            1.173464852647
          0.689378757515            1.168498406033
          0.691382765531            1.163485829104
          0.693386773547            1.158427319746
          0.695390781563            1.153323077662
          0.697394789579            1.148173304358
          0.699398797595            1.142978203137
          0.701402805611            1.137737979095
          0.703406813627            1.132452839105
          0.705410821643            1.127122991817
          0.707414829659            1.121748647643
          0.709418837675            1.116330018753
          0.711422845691            1.110867319066
          0.713426853707            1.105360764239
          0.715430861723            1.099810571663
          0.717434869739            1.094216960448
          0.719438877756            1.088580151421
          0.721442885772            1.082900367114
          0.723446893788            1.077177831756
          0.725450901804            1.071412771261
          0.727454909820            1.065605413224
          0.729458917836            1.059755986911
          0.731462925852            1.053864723245
          0.733466933868            1.047931854806
          0.735470941884            1.041957615811
          0.737474949900            1.035942242114
          0.739478957916            1.029885971191
          0.741482965932            1.023789042134
          0.743486973948            1.017651695638
          0.745490981964            1.011474173996
          0.747494989980            1.005256721086
          0.749498997996            0.998999582362
          0.751503006012            0.992703004845
          0.753507014028            0.986367237114
          0.755511022044            0.979992529293
          0.757515030060            0.973579133045
          0.759519038076            0.967127301560
          0.761523046092            0.960637289546
          0.763527054108            0.954109353216
          0.765531062124            0.947543750283
          0.767535070140            0.940940739945
          0.769539078156            0.934300582878
          0.771543086172            0.927623541225
          0.773547094188            0.920909878582
          0.775551102204            0.914159859994
          0.777555110220            0.907373751940
          0.779559118236            0.900551822325
          0.781563126253            0.893694340466
          0.783567134269            0.886801577084
          0.785571142285            0.879873804295
          0.787575150301            0.872911295595
          0.789579158317            0.865914325851
          0.791583166333            0.858883171293
          0.793587174349            0.851818109498
          0.795591182365            0.844719419383
          0.797595190381            0.837587381192
          0.799599198397            0.830422276485
          0.801603206413            0.823224388129
          0.803607214429            0.815994000284
          0.805611222445            0.808731398392
          0.807615230461            0.801436869171
          0.809619238477            0.794110700594
          0.811623246493            0.786753181886
          0.813627254509            0.779364603510
          0.815631262525            0.771945257154
          0.817635270541            0.764495435721
          0.819639278557            0.757015433318
          0.821643286573            0.749505545242
          0.823647294589            0.741966067970
          0.825651302605            0.734397299148
          0.827655310621            0.726799537579
          0.829659318637            0.719173083209
          0.831663326653            0.711518237116
          0.833667334669            0.703835301502
          0.835671342685            0.696124579676
          0.837675350701            0.688386376044
          0.839679358717            0.680620996096
          0.841683366733            0.672828746397
          0.843687374749            0.665009934571
          0.845691382766            0.657164869291
          0.847695390782            0.649293860268
          0.849699398798            0.641397218235
          0.851703406814            0.633475254939
          0.853707414830            0.625528283124
          0.855711422846            0.617556616523
          0.857715430862            0.609560569845
          0.859719438878            0.601540458760
          0.861723446894            0.593496599887
          0.863727454910            0.585429310785
          0.865731462926            0.577338909936
          0.867735470942            0.569225716736
          0.869739478958            0.561090051479
          0.871743486974            0.552932235348
          0.873747494990            0.544752590399
          0.875751503006            0.536551439550
          0.877755511022            0.528329106570
          0.879759519038            0.520085916061
          0.881763527054            0.511822193451
          0.883767535070            0.503538264977
          0.885771543086            0.495234457675
          0.887775551102            0.486911099364
          0.889779559118            0.478568518637
          0.891783567134            0.470207044844
          0.893787575150            0.461827008082
          0.895791583166            0.453428739181
          0.897795591182            0.445012569690
          0.899799599198            0.436578831865
          0.901803607214            0.428127858655
          0.903807615230            0.419659983690
          0.905811623246            0.411175541268
          0.907815631263            0.402674866339
          0.909819639279            0.394158294497
          0.911823647295            0.385626161960
          0.913827655311            0.377078805562
          0.915831663327            0.368516562739
          0.917835671343            0.359939771513
          0.919839679359            0.351348770481
          0.921843687375            0.342743898801
          0.923847695391            0.334125496179
          0.925851703407            0.325493902855
          0.927855711423            0.316849459589
          0.929859719439            0.308192507649
          0.931863727455            0.299523388796
          0.933867735471            0.290842445273
          0.935871743487            0.282150019788
          0.937875751503            0.273446455504
          0.939879759519            0.264732096022
          0.941883767535            0.256007285369
          0.943887775551            0.247272367988
          0.945891783567            0.238527688717
          0.947895791583            0.229773592782
          0.949899799599            0.221010425778
          0.951903807615            0.212238533661
          0.953907815631            0.203458262731
          0.955911823647            0.194669959616
          0.957915831663            0.185873971265
          0.959919839679            0.177070644928
          0.961923847695            0.168260328145
          0.963927855711            0.159443368733
          0.965931863727            0.150620114769
          0.967935871743            0.141790914581
          0.969939879760            0.132956116731
          0.971943887776            0.124116070001
          0.973947895792            0.115271123380
          0.975951903808            0.106421626054
          0.977955911824            0.097567927383
          0.979959919840            0.088710376899
          0.981963927856            0.079849324280
          0.983967935872            0.070985119346
          0.985971943888            0.062118112042
          0.987975951904            0.053248652421
          0.989979959920            0.044377090635
          0.991983967936            0.035503776917
          0.993987975952            0.026629061570
          0.995991983968            0.017753294954
          0.997995991984            0.008876827468
          1.000000000000            0.000000009540


 #E=    88.471489377616891     
          0.000000000000            0.017753287831
          0.002004008016            0.035503772212
          0.004008016032            0.053248650137
          0.006012024048            0.070985119485
          0.008016032064            0.088710379460
          0.010020040080            0.106421631040
          0.012024048096            0.124116077413
          0.014028056112            0.141790924421
          0.016032064128            0.159443381002
          0.018036072144            0.177070659628
          0.020040080160            0.194669976749
          0.022044088176            0.212238553227
          0.024048096192            0.229773614782
          0.026052104208            0.247272392425
          0.028056112224            0.264732122896
          0.030060120240            0.282150049102
          0.032064128257            0.299523420550
          0.034068136273            0.316849493785
          0.036072144289            0.334125532818
          0.038076152305            0.351348809564
          0.040080160321            0.368516604268
          0.042084168337            0.385626205936
          0.044088176353            0.402674912764
          0.046092184369            0.419660032564
          0.048096192385            0.436578883189
          0.050100200401            0.453428792957
          0.052104208417            0.470207101073
          0.054108216433            0.486911158046
          0.056112224449            0.503538326114
          0.058116232465            0.520085979655
          0.060120240481            0.536551505601
          0.062124248497            0.552932303856
          0.064128256513            0.569225787703
          0.066132264529            0.585429384212
          0.068136272545            0.601540534648
          0.070140280561            0.617556694872
          0.072144288577            0.633475335750
          0.074148296593            0.649293943542
          0.076152304609            0.665010020308
          0.078156312625            0.680621084297
          0.080160320641            0.696124670342
          0.082164328657            0.711518330247
          0.084168336673            0.726799633175
          0.086172344689            0.741966166031
          0.088176352705            0.757015533845
          0.090180360721            0.771945360147
          0.092184368737            0.786753287345
          0.094188376754            0.801436977096
          0.096192384770            0.815994110675
          0.098196392786            0.830422389342
          0.100200400802            0.844719534706
          0.102204408818            0.858883289082
          0.104208416834            0.872911415848
          0.106212424850            0.886801699802
          0.108216432866            0.900551947507
          0.110220440882            0.914159987640
          0.112224448898            0.927623671333
          0.114228456914            0.940940872515
          0.116232464930            0.954109488247
          0.118236472946            0.967127439051
          0.120240480962            0.979992669242
          0.122244488978            0.992703147251
          0.124248496994            1.005256865948
          0.126252505010            1.017651842954
          0.128256513026            1.029886120960
          0.130260521042            1.041957768030
          0.132264529058            1.053864877913
          0.134268537074            1.065605570339
          0.136272545090            1.077177991315
          0.138276553106            1.088580313422
          0.140280561122            1.099810736103
          0.142284569138            1.110867485944
          0.144288577154            1.121748816955
          0.146292585170            1.132453010848
          0.148296593186            1.142978377309
          0.150300601202            1.153323254258
          0.152304609218            1.163486008122
          0.154308617234            1.173465034082
          0.156312625251            1.183258756336
          0.158316633267            1.192865628342
          0.160320641283            1.202284133063
          0.162324649299            1.211512783208
          0.164328657315            1.220550121467
          0.166332665331            1.229394720740
          0.168336673347            1.238045184361
          0.170340681363            1.246500146323
          0.172344689379            1.254758271489
          0.174348697395            1.262818255806
          0.176352705411            1.270678826509
          0.178356713427            1.278338742323
          0.180360721443            1.285796793659
          0.182364729459            1.293051802804
          0.184368737475            1.300102624107
          0.186372745491            1.306948144164
          0.188376753507            1.313587281986
          0.190380761523            1.320018989178
          0.192384769539            1.326242250099
          0.194388777555            1.332256082022
          0.196392785571            1.338059535296
          0.198396793587            1.343651693487
          0.200400801603            1.349031673529
          0.202404809619            1.354198625860
          0.204408817635            1.359151734560
          0.206412825651            1.363890217475
          0.208416833667            1.368413326344
          0.210420841683            1.372720346915
          0.212424849699            1.376810599061
          0.214428857715            1.380683436882
          0.216432865731            1.384338248814
          0.218436873747            1.387774457719
          0.220440881764            1.390991520979
          0.222444889780            1.393988930585
          0.224448897796            1.396766213208
          0.226452905812            1.399322930286
          0.228456913828            1.401658678082
          0.230460921844            1.403773087755
          0.232464929860            1.405665825415
          0.234468937876            1.407336592177
          0.236472945892            1.408785124207
          0.238476953908            1.410011192766
          0.240480961924            1.411014604243
          0.242484969940            1.411795200188
          0.244488977956            1.412352857336
          0.246492985972            1.412687487626
          0.248496993988            1.412799038217
          0.250501002004            1.412687491492
          0.252505010020            1.412352865067
          0.254509018036            1.411795211783
          0.256513026052            1.411014619700
          0.258517034068            1.410011212082
          0.260521042084            1.408785147380
          0.262525050100            1.407336619202
          0.264529058116            1.405665856289
          0.266533066132            1.403773122472
          0.268537074148            1.401658716638
          0.270541082164            1.399322972674
          0.272545090180            1.396766259422
          0.274549098196            1.393988980616
          0.276553106212            1.390991574821
          0.278557114228            1.387774515362
          0.280561122244            1.384338310250
          0.282565130261            1.380683502101
          0.284569138277            1.376810668052
          0.286573146293            1.372720419669
          0.288577154309            1.368413402848
          0.290581162325            1.363890297717
          0.292585170341            1.359151818527
          0.294589178357            1.354198713540
          0.296593186373            1.349031764907
          0.298597194389            1.343651788549
          0.300601202405            1.338059634027
          0.302605210421            1.332256184407
          0.304609218437            1.326242356120
          0.306613226453            1.320019098820
          0.308617234469            1.313587395231
          0.310621242485            1.306948260994
          0.312625250501            1.300102744504
          0.314629258517            1.293051926749
          0.316633266533            1.285796921132
          0.318637274549            1.278338873305
          0.320641282565            1.270678960978
          0.322645290581            1.262818393741
          0.324649298597            1.254758412868
          0.326653306613            1.246500291124
          0.328657314629            1.238045332561
          0.330661322645            1.229394872316
          0.332665330661            1.220550276395
          0.334669338677            1.211512941464
          0.336673346693            1.202284294621
          0.338677354709            1.192865793177
          0.340681362725            1.183258924422
          0.342685370741            1.173465205392
          0.344689378758            1.163486182629
          0.346693386774            1.153323431936
          0.348697394790            1.142978558128
          0.350701402806            1.132453194781
          0.352705410822            1.121749003971
          0.354709418838            1.110867676014
          0.356713426854            1.099810929199
          0.358717434870            1.088580509512
          0.360721442886            1.077178190367
          0.362725450902            1.065605772323
          0.364729458918            1.053865082797
          0.366733466934            1.041957975781
          0.368737474950            1.029886331545
          0.370741482966            1.017652056341
          0.372745490982            1.005257082103
          0.374749498998            0.992703366140
          0.376753507014            0.979992890829
          0.378757515030            0.967127663302
          0.380761523046            0.954109715127
          0.382765531062            0.940941101988
          0.384769539078            0.927623903362
          0.386773547094            0.914160222188
          0.388777555110            0.900552184539
          0.390781563126            0.886801939279
          0.392785571142            0.872911657733
          0.394789579158            0.858883533336
          0.396793587174            0.844719781291
          0.398797595190            0.830422638219
          0.400801603206            0.815994361804
          0.402805611222            0.801437230438
          0.404809619238            0.786753542860
          0.406813627255            0.771945617795
          0.408817635271            0.757015793585
          0.410821643287            0.741966427822
          0.412825651303            0.726799896975
          0.414829659319            0.711518596015
          0.416833667335            0.696124938036
          0.418837675351            0.680621353874
          0.420841683367            0.665010291726
          0.422845691383            0.649294216759
          0.424849699399            0.633475610722
          0.426853707415            0.617556971556
          0.428857715431            0.601540812999
          0.430861723447            0.585429664188
          0.432865731463            0.569226069259
          0.434869739479            0.552932586947
          0.436873747495            0.536551790182
          0.438877755511            0.520086265682
          0.440881763527            0.503538613542
          0.442885771543            0.486911446829
          0.444889779559            0.470207391165
          0.446893787575            0.453429084313
          0.448897795591            0.436579175763
          0.450901803607            0.419660326309
          0.452905811623            0.402675207634
          0.454909819639            0.385626501885
          0.456913827655            0.368516901249
          0.458917835671            0.351349107530
          0.460921843687            0.334125831722
          0.462925851703            0.316849793580
          0.464929859719            0.299523721188
          0.466933867735            0.282150350536
          0.468937875752            0.264732425078
          0.470941883768            0.247272695308
          0.472945891784            0.229773918318
          0.474949899800            0.212238857368
          0.476953907816            0.194670281446
          0.478957915832            0.177070964834
          0.480961923848            0.159443686669
          0.482965931864            0.141791230500
          0.484969939880            0.124116383856
          0.486973947896            0.106421937798
          0.488977955912            0.088710686485
          0.490981963928            0.070985426728
          0.492985971944            0.053248957551
          0.494989979960            0.035504079748
          0.496993987976            0.017753595439
          0.498997995992            0.000000307633
          0.501002004008           -0.017752980222
          0.503006012024           -0.035503464677
          0.505010020040           -0.053248342723
          0.507014028056           -0.070984812240
          0.509018036072           -0.088710072434
          0.511022044088           -0.106421324280
          0.513026052104           -0.124115770969
          0.515030060120           -0.141790618341
          0.517034068136           -0.159443075334
          0.519038076152           -0.177070354420
          0.521042084168           -0.194669672049
          0.523046092184           -0.212238249084
          0.525050100200           -0.229773311244
          0.527054108216           -0.247272089539
          0.529058116232           -0.264731820711
          0.531062124248           -0.282149747664
          0.533066132265           -0.299523119909
          0.535070140281           -0.316849193986
          0.537074148297           -0.334125233910
          0.539078156313           -0.351348511594
          0.541082164329           -0.368516307282
          0.543086172345           -0.385625909982
          0.545090180361           -0.402674617888
          0.547094188377           -0.419659738813
          0.549098196393           -0.436578590610
          0.551102204409           -0.453428501596
          0.553106212425           -0.470206810975
          0.555110220441           -0.486910869258
          0.557114228457           -0.503538038681
          0.559118236473           -0.520085693621
          0.561122244489           -0.536551221013
          0.563126252505           -0.552932020759
          0.565130260521           -0.569225506141
          0.567134268537           -0.585429104230
          0.569138276553           -0.601540256289
          0.571142284569           -0.617556418182
          0.573146292585           -0.633475060770
          0.575150300601           -0.649293670317
          0.577154308617           -0.665009748881
          0.579158316633           -0.680620814711
          0.581162324649           -0.696124402640
          0.583166332665           -0.711518064471
          0.585170340681           -0.726799369366
          0.587174348697           -0.741965904232
          0.589178356713           -0.757015274097
          0.591182364729           -0.771945102491
          0.593186372745           -0.786753031821
          0.595190380762           -0.801436723745
          0.597194388778           -0.815993859536
          0.599198396794           -0.830422140456
          0.601202404810           -0.844719288112
          0.603206412826           -0.858883044818
          0.605210420842           -0.872911173954
          0.607214428858           -0.886801460316
          0.609218436874           -0.900551710466
          0.611222444890           -0.914159753081
          0.613226452906           -0.927623439294
          0.615230460922           -0.940940643033
          0.617234468938           -0.954109261357
          0.619238476954           -0.967127214789
          0.621242484970           -0.979992447644
          0.623246492986           -0.992702928353
          0.625250501002           -1.005256649783
          0.627254509018           -1.017651629557
          0.629258517034           -1.029885910363
          0.631262525050           -1.041957560268
          0.633266533066           -1.053864673019
          0.635270541082           -1.065605368344
          0.637274549098           -1.077177792252
          0.639278557114           -1.088580117322
          0.641282565130           -1.099810542997
          0.643286573146           -1.110867295862
          0.645290581162           -1.121748629928
          0.647294589178           -1.132452826905
          0.649298597194           -1.142978196479
          0.651302605210           -1.153323076570
          0.653306613226           -1.163485833603
          0.655310621242           -1.173464862761
          0.657314629259           -1.183258588239
          0.659318637275           -1.192865463496
          0.661322645291           -1.202283971494
          0.663326653307           -1.211512624941
          0.665330661323           -1.220549966528
          0.667334669339           -1.229394569152
          0.669338677355           -1.238045036149
          0.671342685371           -1.246500001510
          0.673346693387           -1.254758130099
          0.675350701403           -1.262818117860
          0.677354709419           -1.270678692030
          0.679358717435           -1.278338611331
          0.681362725451           -1.285796666175
          0.683366733467           -1.293051678847
          0.685370741483           -1.300102503699
          0.687374749499           -1.306948027322
          0.689378757515           -1.313587168730
          0.691382765531           -1.320018879525
          0.693386773547           -1.326242144066
          0.695390781563           -1.332255979627
          0.697394789579           -1.338059436554
          0.699398797595           -1.343651598414
          0.701402805611           -1.349031582140
          0.703406813627           -1.354198538170
          0.705410821643           -1.359151650582
          0.707414829659           -1.363890137222
          0.709418837675           -1.368413249829
          0.711422845691           -1.372720274151
          0.713426853707           -1.376810530058
          0.715430861723           -1.380683371652
          0.717434869739           -1.384338187367
          0.719438877756           -1.387774400065
          0.721442885772           -1.390991467127
          0.723446893788           -1.393988880542
          0.725450901804           -1.396766166984
          0.727454909820           -1.399322887887
          0.729458917836           -1.401658639516
          0.731462925852           -1.403773053027
          0.733466933868           -1.405665794531
          0.735470941884           -1.407336565141
          0.737474949900           -1.408785101024
          0.739478957916           -1.410011173440
          0.741482965932           -1.411014588777
          0.743486973948           -1.411795188584
          0.745490981964           -1.412352849596
          0.747494989980           -1.412687483751
          0.749498997996           -1.412799038207
          0.751503006012           -1.412687495348
          0.753507014028           -1.412352872788
          0.755511022044           -1.411795223368
          0.757515030060           -1.411014635147
          0.759519038076           -1.410011231389
          0.761523046092           -1.408785170543
          0.763527054108           -1.407336646218
          0.765531062124           -1.405665887154
          0.767535070140           -1.403773157181
          0.769539078156           -1.401658755185
          0.771543086172           -1.399323015053
          0.773547094188           -1.396766305627
          0.775551102204           -1.393989030639
          0.777555110220           -1.390991628655
          0.779559118236           -1.387774572997
          0.781563126253           -1.384338371678
          0.783567134269           -1.380683567312
          0.785571142285           -1.376810737036
          0.787575150301           -1.372720492414
          0.789579158317           -1.368413479343
          0.791583166333           -1.363890377951
          0.793587174349           -1.359151902487
          0.795591182365           -1.354198801212
          0.797595190381           -1.349031856277
          0.799599198397           -1.343651883603
          0.801603206413           -1.338059732750
          0.803607214429           -1.332256286784
          0.805611222445           -1.326242462134
          0.807615230461           -1.320019208455
          0.809619238477           -1.313587508470
          0.811623246493           -1.306948377818
          0.813627254509           -1.300102864895
          0.815631262525           -1.293052050687
          0.817635270541           -1.285797048599
          0.819639278557           -1.278339004280
          0.821643286573           -1.270679095440
          0.823647294589           -1.262818531670
          0.825651302605           -1.254758554242
          0.827655310621           -1.246500435920
          0.829659318637           -1.238045480756
          0.831663326653           -1.229395023887
          0.833667334669           -1.220550431318
          0.835671342685           -1.211513099714
          0.837675350701           -1.202284456174
          0.839679358717           -1.192865958007
          0.841683366733           -1.183259092503
          0.843687374749           -1.173465376698
          0.845691382766           -1.163486357132
          0.847695390782           -1.153323609608
          0.849699398798           -1.142978738942
          0.851703406814           -1.132453378708
          0.853707414830           -1.121749190983
          0.855711422846           -1.110867866081
          0.857715430862           -1.099811122289
          0.859719438878           -1.088580705597
          0.861723446894           -1.077178389415
          0.863727454910           -1.065605974303
          0.865731462926           -1.053865287677
          0.867735470942           -1.041958183529
          0.869739478958           -1.029886542127
          0.871743486974           -1.017652269725
          0.873747494990           -1.005257298254
          0.875751503006           -0.992703585024
          0.877755511022           -0.979993112413
          0.879759519038           -0.967127887550
          0.881763527054           -0.954109942003
          0.883767535070           -0.940941331457
          0.885771543086           -0.927624135388
          0.887775551102           -0.914160456735
          0.889779559118           -0.900552421568
          0.891783567134           -0.886802178754
          0.893787575150           -0.872911899615
          0.895791583166           -0.858883777587
          0.897795591182           -0.844720027874
          0.899799599198           -0.830422887094
          0.901803607214           -0.815994612931
          0.903807615230           -0.801437483778
          0.905811623246           -0.786753798373
          0.907815631263           -0.771945875441
          0.909819639279           -0.757016053322
          0.911823647295           -0.741966689610
          0.913827655311           -0.726800160773
          0.915831663327           -0.711518861781
          0.917835671343           -0.696125205728
          0.919839679359           -0.680621623450
          0.921843687375           -0.665010563143
          0.923847695391           -0.649294489974
          0.925851703407           -0.633475885692
          0.927855711423           -0.617557248238
          0.929859719439           -0.601541091349
          0.931863727455           -0.585429944162
          0.933867735471           -0.569226350813
          0.935871743487           -0.552932870037
          0.937875751503           -0.536552074763
          0.939879759519           -0.520086551708
          0.941883767535           -0.503538900969
          0.943887775551           -0.486911735611
          0.945891783567           -0.470207681257
          0.947895791583           -0.453429375669
          0.949899799599           -0.436579468336
          0.951903807615           -0.419660620054
          0.953907815631           -0.402675502504
          0.955911823647           -0.385626797833
          0.957915831663           -0.368517198229
          0.959919839679           -0.351349405496
          0.961923847695           -0.334126130626
          0.963927855711           -0.316850093374
          0.965931863727           -0.299524021826
          0.967935871743           -0.282150651970
          0.969939879760           -0.264732727260
          0.971943887776           -0.247272998191
          0.973947895792           -0.229774221853
          0.975951903808           -0.212239161508
          0.977955911824           -0.194670586143
          0.979959919840           -0.177071270040
          0.981963927856           -0.159443992335
          0.983967935872           -0.141791536579
          0.985971943888           -0.124116690298
          0.987975951904           -0.106422244556
          0.989979959920           -0.088710993510
          0.991983967936           -0.070985733972
          0.993987975952           -0.053249264965
          0.995991983968           -0.035504387283
          0.997995991984           -0.017753903048
          1.000000000000           -0.000000615266


 #E=    88.471489377616891     
          0.000000000000            0.026629068945
          0.002004008016            0.053248676709
          0.004008016032            0.079849365472
          0.006012024048            0.106421684135
          0.008016032064            0.132956191681
          0.010020040080            0.159443460524
          0.012024048096            0.185874079866
          0.014028056112            0.212238659032
          0.016032064128            0.238527830812
          0.018036072144            0.264732254791
          0.020040080160            0.290842620659
          0.022044088176            0.316849651530
          0.024048096192            0.342744107227
          0.026052104208            0.368516787576
          0.028056112224            0.394158535664
          0.030060120240            0.419660241102
          0.032064128257            0.445012843254
          0.034068136273            0.470207334462
          0.036072144289            0.495234763242
          0.038076152305            0.520086237470
          0.040080160321            0.544752927533
          0.042084168337            0.569226069475
          0.044088176353            0.593496968106
          0.046092184369            0.617557000089
          0.048096192385            0.641397617010
          0.050100200401            0.665010348412
          0.052104208417            0.688386804804
          0.054108216433            0.711518680642
          0.056112224449            0.734397757281
          0.058116232465            0.757015905893
          0.060120240481            0.779365090358
          0.062124248497            0.801437370117
          0.064128256513            0.823224902995
          0.066132264529            0.844719947985
          0.068136272545            0.865914867999
          0.070140280561            0.886802132584
          0.072144288577            0.907374320593
          0.074148296593            0.927624122827
          0.076152304609            0.947544344627
          0.078156312625            0.967127908433
          0.080160320641            0.986367856298
          0.082164328657            1.005257352360
          0.084168336673            1.023789685271
          0.086172344689            1.041958270582
          0.088176352705            1.059756653081
          0.090180360721            1.077178509087
          0.092184368737            1.094217648697
          0.094188376754            1.110868017987
          0.096192384770            1.127123701160
          0.098196392786            1.142978922648
          0.100200400802            1.158428049167
          0.102204408818            1.173465591716
          0.104208416834            1.188086207528
          0.106212424850            1.202284701968
          0.108216432866            1.216056030377
          0.110220440882            1.229395299870
          0.112224448898            1.242297771065
          0.114228456914            1.254758859778
          0.116232464930            1.266774138643
          0.118236472946            1.278339338688
          0.120240480962            1.289450350852
          0.122244488978            1.300103227447
          0.124248496994            1.310294183555
          0.126252505010            1.320019598379
          0.128256513026            1.329276016525
          0.130260521042            1.338060149231
          0.132264529058            1.346368875538
          0.134268537074            1.354199243393
          0.136272545090            1.361548470706
          0.138276553106            1.368413946330
          0.140280561122            1.374793230994
          0.142284569138            1.380684058170
          0.144288577154            1.386084334873
          0.146292585170            1.390992142413
          0.148296593186            1.395405737067
          0.150300601202            1.399323550707
          0.152304609218            1.402744191352
          0.154308617234            1.405666443666
          0.156312625251            1.408089269385
          0.158316633267            1.410011807691
          0.160320641283            1.411433375516
          0.162324649299            1.412353467782
          0.164328657315            1.412771757587
          0.166332665331            1.412688096313
          0.168336673347            1.412102513685
          0.170340681363            1.411015217757
          0.172344689379            1.409426594842
          0.174348697395            1.407337209368
          0.176352705411            1.404747803684
          0.178356713427            1.401659297794
          0.180360721443            1.398072789030
          0.182364729459            1.393989551661
          0.184368737475            1.389411036442
          0.186372745491            1.384338870097
          0.188376753507            1.378774854743
          0.190380761523            1.372720967248
          0.192384769539            1.366179358530
          0.194388777555            1.359152352791
          0.196392785571            1.351642446692
          0.198396793587            1.343652308468
          0.200400801603            1.335184776976
          0.202404809619            1.326242860691
          0.204408817635            1.316829736632
          0.206412825651            1.306948749237
          0.208416833667            1.296603409175
          0.210420841683            1.285797392096
          0.212424849699            1.274534537325
          0.214428857715            1.262818846502
          0.216432865731            1.250654482156
          0.218436873747            1.238045766227
          0.220440881764            1.224997178533
          0.222444889780            1.211513355174
          0.224448897796            1.197599086888
          0.226452905812            1.183259317349
          0.228456913828            1.168499141408
          0.230460921844            1.153323803287
          0.232464929860            1.137738694710
          0.234468937876            1.121749352991
          0.236472945892            1.105361459069
          0.238476953908            1.088580835484
          0.240480961924            1.071413444311
          0.242484969940            1.053865385043
          0.244488977956            1.035942892421
          0.246492985972            1.017652334223
          0.248496993988            0.999000208995
          0.250501002004            0.979993143750
          0.252505010020            0.960637891608
          0.254509018036            0.940941329396
          0.256513026052            0.920910455211
          0.258517034068            0.900552385925
          0.260521042084            0.879874354665
          0.262525050100            0.858883708237
          0.264529058116            0.837587904516
          0.266533066132            0.815994509801
          0.268537074148            0.794111196122
          0.270541082164            0.771945738516
          0.272545090180            0.749506012265
          0.274549098196            0.726799990096
          0.276553106212            0.703835739352
          0.278557114228            0.680621419121
          0.280561122244            0.657165277340
          0.282565130261            0.633475647866
          0.284569138277            0.609560947510
          0.286573146293            0.585429673051
          0.288577154309            0.561090398218
          0.290581162325            0.536551770638
          0.292585170341            0.511822508768
          0.294589178357            0.486911398798
          0.296593186373            0.461827291526
          0.298597194389            0.436579099217
          0.300601202405            0.411175792433
          0.302605210421            0.385626396847
          0.304609218437            0.359939990039
          0.306613226453            0.334125698266
          0.308617234469            0.308192693223
          0.310621242485            0.282150188785
          0.312625250501            0.256007437727
          0.314629258517            0.229773728446
          0.316633266533            0.203458381653
          0.318637274549            0.177070747066
          0.320641282565            0.150620200086
          0.322645290581            0.124116138465
          0.324649298597            0.097567978972
          0.326653306613            0.070985154041
          0.328657314629            0.044377108422
          0.330661322645            0.017753295828
          0.332665330661           -0.008876824428
          0.334669338677           -0.035503790790
          0.336673346693           -0.062118142824
          0.338677354709           -0.088710424578
          0.340681362725           -0.115271187941
          0.342685370741           -0.141790995999
          0.344689378758           -0.168260426391
          0.346693386774           -0.194670074655
          0.348697394790           -0.221010557569
          0.350701402806           -0.247272516483
          0.352705410822           -0.273446620650
          0.354709418838           -0.299523570535
          0.356713426854           -0.325494101121
          0.358717434870           -0.351348985203
          0.360721442886           -0.377079036663
          0.362725450902           -0.402675113737
          0.364729458918           -0.428128122261
          0.366733466934           -0.453429018901
          0.368737474950           -0.478568814369
          0.370741482966           -0.503538576617
          0.372745490982           -0.528329434006
          0.374749498998           -0.552932578462
          0.376753507014           -0.577339268607
          0.378757515030           -0.601540832858
          0.380761523046           -0.625528672515
          0.382765531062           -0.649294264814
          0.384769539078           -0.672829165951
          0.386773547094           -0.696125014090
          0.388777555110           -0.719173532326
          0.390781563126           -0.741966531630
          0.392785571142           -0.764495913758
          0.394789579158           -0.786753674128
          0.396793587174           -0.808731904664
          0.398797595190           -0.830422796605
          0.400801603206           -0.851818643280
          0.402805611222           -0.872911842848
          0.404809619238           -0.893694900994
          0.406813627255           -0.914160433596
          0.408817635271           -0.934301169350
          0.410821643287           -0.954109952346
          0.412825651303           -0.973579744620
          0.414829659319           -0.992703628646
          0.416833667335           -1.011474809799
          0.418837675351           -1.029886618769
          0.420841683367           -1.047932513927
          0.422845691383           -1.065606083652
          0.424849699399           -1.082901048610
          0.426853707415           -1.099811263981
          0.428857715431           -1.116330721647
          0.430861723447           -1.132453552322
          0.432865731463           -1.148174027643
          0.434869739479           -1.163486562199
          0.436873747495           -1.178385715519
          0.438877755511           -1.192866194005
          0.440881763527           -1.206922852813
          0.442885771543           -1.220550697677
          0.444889779559           -1.233744886690
          0.446893787575           -1.246500732020
          0.448897795591           -1.258813701574
          0.450901803607           -1.270679420614
          0.452905811623           -1.282093673307
          0.454909819639           -1.293052404221
          0.456913827655           -1.303551719774
          0.458917835671           -1.313587889607
          0.460921843687           -1.323157347918
          0.462925851703           -1.332256694723
          0.464929859719           -1.340882697068
          0.466933867735           -1.349032290175
          0.468937875752           -1.356702578533
          0.470941883768           -1.363890836925
          0.472945891784           -1.370594511397
          0.474949899800           -1.376811220164
          0.476953907816           -1.382538754461
          0.478957915832           -1.387775079321
          0.480961923848           -1.392518334304
          0.482965931864           -1.396766834153
          0.484969939880           -1.400519069396
          0.486973947896           -1.403773706882
          0.488977955912           -1.406529590255
          0.490981963928           -1.408785740361
          0.492985971944           -1.410541355601
          0.494989979960           -1.411795812214
          0.496993987976           -1.412548664498
          0.498997995992           -1.412799644966
          0.501002004008           -1.412548664448
          0.503006012024           -1.411795812115
          0.505010020040           -1.410541355452
          0.507014028056           -1.408785740162
          0.509018036072           -1.406529590007
          0.511022044088           -1.403773706585
          0.513026052104           -1.400519069049
          0.515030060120           -1.396766833757
          0.517034068136           -1.392518333859
          0.519038076152           -1.387775078828
          0.521042084168           -1.382538753919
          0.523046092184           -1.376811219574
          0.525050100200           -1.370594510758
          0.527054108216           -1.363890836238
          0.529058116232           -1.356702577799
          0.531062124248           -1.349032289394
          0.533066132265           -1.340882696239
          0.535070140281           -1.332256693847
          0.537074148297           -1.323157346996
          0.539078156313           -1.313587888639
          0.541082164329           -1.303551718760
          0.543086172345           -1.293052403162
          0.545090180361           -1.282093672202
          0.547094188377           -1.270679419465
          0.549098196393           -1.258813700380
          0.551102204409           -1.246500730782
          0.553106212425           -1.233744885409
          0.555110220441           -1.220550696353
          0.557114228457           -1.206922851446
          0.559118236473           -1.192866192597
          0.561122244489           -1.178385714070
          0.563126252505           -1.163486560709
          0.565130260521           -1.148174026112
          0.567134268537           -1.132453550752
          0.569138276553           -1.116330720037
          0.571142284569           -1.099811262333
          0.573146292585           -1.082901046923
          0.575150300601           -1.065606081929
          0.577154308617           -1.047932512167
          0.579158316633           -1.029886616973
          0.581162324649           -1.011474807968
          0.583166332665           -0.992703626780
          0.585170340681           -0.973579742720
          0.587174348697           -0.954109950413
          0.589178356713           -0.934301167384
          0.591182364729           -0.914160431598
          0.593186372745           -0.893694898964
          0.595190380762           -0.872911840788
          0.597194388778           -0.851818641191
          0.599198396794           -0.830422794487
          0.601202404810           -0.808731902518
          0.603206412826           -0.786753671955
          0.605210420842           -0.764495911558
          0.607214428858           -0.741966529404
          0.609218436874           -0.719173530075
          0.611222444890           -0.696125011815
          0.613226452906           -0.672829163653
          0.615230460922           -0.649294262493
          0.617234468938           -0.625528670173
          0.619238476954           -0.601540830495
          0.621242484970           -0.577339266224
          0.623246492986           -0.552932576061
          0.625250501002           -0.528329431586
          0.627254509018           -0.503538574180
          0.629258517034           -0.478568811916
          0.631262525050           -0.453429016432
          0.633266533066           -0.428128119778
          0.635270541082           -0.402675111241
          0.637274549098           -0.377079034154
          0.639278557114           -0.351348982682
          0.641282565130           -0.325494098590
          0.643286573146           -0.299523567994
          0.645290581162           -0.273446618100
          0.647294589178           -0.247272513925
          0.649298597194           -0.221010555004
          0.651302605210           -0.194670072084
          0.653306613226           -0.168260423815
          0.655310621242           -0.141790993418
          0.657314629259           -0.115271185357
          0.659318637275           -0.088710421992
          0.661322645291           -0.062118140237
          0.663326653307           -0.035503788203
          0.665330661323           -0.008876821841
          0.667334669339            0.017753298413
          0.669338677355            0.044377111005
          0.671342685371            0.070985156620
          0.673346693387            0.097567981547
          0.675350701403            0.124116141035
          0.677354709419            0.150620202649
          0.679358717435            0.177070749622
          0.681362725451            0.203458384201
          0.683366733467            0.229773730985
          0.685370741483            0.256007440256
          0.687374749499            0.282150191302
          0.689378757515            0.308192695729
          0.691382765531            0.334125700759
          0.693386773547            0.359939992518
          0.695390781563            0.385626399312
          0.697394789579            0.411175794882
          0.699398797595            0.436579101650
          0.701402805611            0.461827293942
          0.703406813627            0.486911401195
          0.705410821643            0.511822511146
          0.707414829659            0.536551772995
          0.709418837675            0.561090400555
          0.711422845691            0.585429675367
          0.713426853707            0.609560949802
          0.715430861723            0.633475650135
          0.717434869739            0.657165279585
          0.719438877756            0.680621421341
          0.721442885772            0.703835741546
          0.723446893788            0.726799992264
          0.725450901804            0.749506014405
          0.727454909820            0.771945740627
          0.729458917836            0.794111198204
          0.731462925852            0.815994511853
          0.733466933868            0.837587906538
          0.735470941884            0.858883710227
          0.737474949900            0.879874356624
          0.739478957916            0.900552387851
          0.741482965932            0.920910457103
          0.743486973948            0.940941331254
          0.745490981964            0.960637893431
          0.747494989980            0.979993145538
          0.749498997996            0.999000210746
          0.751503006012            1.017652335937
          0.753507014028            1.035942894098
          0.755511022044            1.053865386681
          0.757515030060            1.071413445911
          0.759519038076            1.088580837044
          0.761523046092            1.105361460590
          0.763527054108            1.121749354471
          0.765531062124            1.137738696149
          0.767535070140            1.153323804684
          0.769539078156            1.168499142764
          0.771543086172            1.183259318662
          0.773547094188            1.197599088158
          0.775551102204            1.211513356400
          0.777555110220            1.224997179715
          0.779559118236            1.238045767365
          0.781563126253            1.250654483249
          0.783567134269            1.262818847550
          0.785571142285            1.274534538328
          0.787575150301            1.285797393052
          0.789579158317            1.296603410085
          0.791583166333            1.306948750101
          0.793587174349            1.316829737448
          0.795591182365            1.326242861460
          0.797595190381            1.335184777698
          0.799599198397            1.343652309141
          0.801603206413            1.351642447317
          0.803607214429            1.359152353368
          0.805611222445            1.366179359059
          0.807615230461            1.372720967728
          0.809619238477            1.378774855174
          0.811623246493            1.384338870479
          0.813627254509            1.389411036775
          0.815631262525            1.393989551945
          0.817635270541            1.398072789264
          0.819639278557            1.401659297979
          0.821643286573            1.404747803819
          0.823647294589            1.407337209453
          0.825651302605            1.409426594877
          0.827655310621            1.411015217743
          0.829659318637            1.412102513621
          0.831663326653            1.412688096200
          0.833667334669            1.412771757424
          0.835671342685            1.412353467570
          0.837675350701            1.411433375253
          0.839679358717            1.410011807379
          0.841683366733            1.408089269024
          0.843687374749            1.405666443256
          0.845691382766            1.402744190893
          0.847695390782            1.399323550199
          0.849699398798            1.395405736510
          0.851703406814            1.390992141807
          0.853707414830            1.386084334220
          0.855711422846            1.380684057468
          0.857715430862            1.374793230245
          0.859719438878            1.368413945533
          0.861723446894            1.361548469862
          0.863727454910            1.354199242503
          0.865731462926            1.346368874600
          0.867735470942            1.338060148248
          0.869739478958            1.329276015495
          0.871743486974            1.320019597304
          0.873747494990            1.310294182435
          0.875751503006            1.300103226282
          0.877755511022            1.289450349644
          0.879759519038            1.278339337435
          0.881763527054            1.266774137347
          0.883767535070            1.254758858440
          0.885771543086            1.242297769684
          0.887775551102            1.229395298447
          0.889779559118            1.216056028913
          0.891783567134            1.202284700463
          0.893787575150            1.188086205983
          0.895791583166            1.173465590131
          0.897795591182            1.158428047543
          0.899799599198            1.142978920985
          0.901803607214            1.127123699459
          0.903807615230            1.110868016249
          0.905811623246            1.094217646923
          0.907815631263            1.077178507276
          0.909819639279            1.059756651235
          0.911823647295            1.041958268702
          0.913827655311            1.023789683357
          0.915831663327            1.005257350412
          0.917835671343            0.986367854318
          0.919839679359            0.967127906421
          0.921843687375            0.947544342584
          0.923847695391            0.927624120754
          0.925851703407            0.907374318491
          0.927855711423            0.886802130452
          0.929859719439            0.865914865840
          0.931863727455            0.844719945798
          0.933867735471            0.823224900782
          0.935871743487            0.801437367879
          0.937875751503            0.779365088094
          0.939879759519            0.757015903605
          0.941883767535            0.734397754970
          0.943887775551            0.711518678309
          0.945891783567            0.688386802450
          0.947895791583            0.665010346038
          0.949899799599            0.641397614616
          0.951903807615            0.617556997676
          0.953907815631            0.593496965675
          0.955911823647            0.569226067027
          0.957915831663            0.544752925069
          0.959919839679            0.520086234990
          0.961923847695            0.495234760749
          0.963927855711            0.470207331955
          0.965931863727            0.445012840735
          0.967935871743            0.419660238571
          0.969939879760            0.394158533123
          0.971943887776            0.368516785025
          0.973947895792            0.342744104668
          0.975951903808            0.316849648962
          0.977955911824            0.290842618085
          0.979959919840            0.264732252210
          0.981963927856            0.238527828227
          0.983967935872            0.212238656443
          0.985971943888            0.185874077274
          0.987975951904            0.159443457930
          0.989979959920            0.132956189085
          0.991983967936            0.106421681540
          0.993987975952            0.079849362877
          0.995991983968            0.053248674116
          0.997995991984            0.026629066355
          1.000000000000           -0.000000002586
