     1000            0.025962580511            0.233362719176
     2000            0.023269424973            0.052917775875
     3000            0.019401878963            0.047242429910
     4000            0.016886256607            0.042339086521
     5000            0.015354515382            0.032269477575
     6000            0.014140845082            0.018858495762
     7000            0.012986585762            0.020359141765
     8000            0.012240780170            0.007133922570
     9000            0.011428720115            0.012044592425
    10000            0.010919938257            0.006894674553
    11000            0.010340801805            0.009501834633
    12000            0.009950709369            0.006791042239
    13000            0.009491883169            0.013116931502
    14000            0.009247621290            0.000496246514
    15000            0.008891965182            0.010546622957
    16000            0.008532681276            0.018735744411
    17000            0.008324584208            0.012351534482
    18000            0.008132212727            0.003968810325
    19000            0.007900103413            0.004647447076
    20000            0.007661385987            0.009428661107
    21000            0.007470329666            0.012699522087
    22000            0.007283160786            0.011092084653
    23000            0.007144786865            0.005306924768
    24000            0.007021915153            0.004119326935
    25000            0.006884505152            0.003729514598
    26000            0.006730686072            0.007300472922
    27000            0.006598152827            0.009213393172
    28000            0.006483317183            0.007585079360
    29000            0.006364952362            0.005400731771
    30000            0.006272890990            0.003348563632
    31000            0.006192177394            0.001457960662
    32000            0.006075631188            0.001696442167
    33000            0.005974806900            0.003130402291
    34000            0.005890664738            0.001300534739
    35000            0.005808661718            0.000836138928
    36000            0.005742846334            0.003518144198
    37000            0.005633912817            0.002111255014
    38000            0.005558140449            0.000371036276
    39000            0.005492757934            0.000437021342
    40000            0.005449111353            0.002361445425
    41000            0.005351742540            0.002883935450
    42000            0.005279032065            0.003943509636
    43000            0.005219428409            0.002953805316
    44000            0.005159182472            0.002190744370
    45000            0.005099331166            0.002400675929
    46000            0.005050419817            0.000850770668
    47000            0.005017675119            0.003801266203
    48000            0.004972179569            0.003812876418
    49000            0.004911757595            0.003455640453
    50000            0.004867699881            0.004125192864
    51000            0.004836700604            0.007116338873
    52000            0.004788379317            0.006118604099
    53000            0.004735292827            0.004482964812
    54000            0.004688558717            0.002012074684
    55000            0.004640068228            0.000680283513
    56000            0.004588480002            0.001162871381
    57000            0.004536108879            0.004451806854
    58000            0.004504749497            0.003316269678
    59000            0.004459866962            0.005364180242
    60000            0.004429461618            0.002971562206
    61000            0.004401685486            0.001980807174
    62000            0.004370295580            0.001571330123
    63000            0.004342757062            0.000052640217
    64000            0.004300693992            0.001190767747
    65000            0.004269515266            0.000098578930
    66000            0.004235584163            0.001661781451
    67000            0.004203706889            0.001060483387
    68000            0.004176525355            0.000922502151
    69000            0.004145690813            0.001006237872
    70000            0.004110290307            0.001336620151
    71000            0.004080454158            0.001134942242
    72000            0.004049296198            0.001881929155
    73000            0.004008738071            0.005148082417
    74000            0.003983615549            0.005464416087
    75000            0.003971529894            0.002251854489
    76000            0.003956316055            0.001833714314
    77000            0.003933937722            0.001430848118
    78000            0.003905425642            0.000152649898
    79000            0.003881440127            0.000126020483
    80000            0.003859137203            0.000715072754
    81000            0.003830885655            0.001071991446
    82000            0.003812236225            0.000561207345
    83000            0.003792702294            0.000786062562
    84000            0.003772924410            0.002191306787
    85000            0.003748657876            0.002235291052
    86000            0.003732137529            0.004017913441
    87000            0.003713506911            0.004689229058
    88000            0.003689020520            0.004218220094
    89000            0.003668877582            0.003610368516
    90000            0.003646993762            0.002928925391
    91000            0.003628570626            0.003452545377
    92000            0.003613112929            0.004342713956
    93000            0.003586827961            0.002133243256
    94000            0.003563759906            0.000971882507
    95000            0.003543871274            0.000415102542
    96000            0.003524780120            0.000623993985
    97000            0.003502463220            0.000335905321
    98000            0.003482865350            0.000975322203
    99000            0.003472755378            0.000187338044
   100000            0.003453589587            0.000546824509
   101000            0.003441374689            0.000287902118
   102000            0.003428160960            0.000525002096
   103000            0.003412688771            0.000875074022
   104000            0.003399683369            0.002311286708
   105000            0.003379019855            0.001001099044
   106000            0.003365184801            0.001209023786
   107000            0.003354044309            0.002437181061
   108000            0.003338817688            0.002390664981
   109000            0.003323727770            0.002471087621
   110000            0.003316981211            0.004393207050
   111000            0.003299919588            0.003396966844
   112000            0.003287603388            0.004007686168
   113000            0.003273744313            0.004194385934
   114000            0.003258370943            0.004199027671
   115000            0.003241298442            0.003264637938
   116000            0.003231364631            0.003403398216
   117000            0.003219107983            0.004240365679
   118000            0.003203816691            0.003181243056
   119000            0.003189377287            0.003064836129
   120000            0.003177156932            0.003622688067
   121000            0.003159906716            0.001736855455
   122000            0.003144806453            0.001418847911
   123000            0.003127621937            0.000517955019
   124000            0.003114025904            0.000037181149
   125000            0.003099863164            0.000408726204
   126000            0.003086385038            0.000309584440
   127000            0.003075343383            0.000615321511
   128000            0.003059176425            0.001143992037
   129000            0.003046761311            0.001191685252
   130000            0.003036663592            0.000684380242
   131000            0.003023185664            0.000645677921
   132000            0.003011872865            0.000800990656
   133000            0.002997721573            0.001343497638
   134000            0.002987066240            0.001281345456
   135000            0.002976923375            0.001052554736
   136000            0.002963562122            0.000912703505
   137000            0.002952295716            0.000720781770
   138000            0.002940550467            0.000797607269
   139000            0.002932332482            0.000065342800
   140000            0.002921465812            0.000237370938
   141000            0.002911397151            0.000355994859
   142000            0.002899081206            0.000677746490
   143000            0.002890563225            0.000421739777
   144000            0.002879569488            0.000592014120
   145000            0.002868662232            0.001476708434
   146000            0.002857590434            0.002023705058
   147000            0.002846993201            0.002240363038
   148000            0.002834710942            0.003509398561
   149000            0.002822921157            0.004007246438
   150000            0.002811649257            0.004500223479
   151000            0.002802522624            0.004289251199
   152000            0.002791177895            0.004346426882
   153000            0.002785297129            0.003873304284
   154000            0.002780868461            0.002418008641
   155000            0.002769872081            0.003046556994
   156000            0.002761401168            0.002473613778
   157000            0.002752337170            0.002525700313
   158000            0.002743444150            0.002522725299
   159000            0.002736877578            0.001543162429
   160000            0.002728292870            0.001094105752
   161000            0.002720544890            0.000758345967
   162000            0.002710541342            0.001238310945
   163000            0.002704608399            0.001179673101
   164000            0.002694538180            0.001820821395
   165000            0.002685925630            0.002116923750
   166000            0.002675460253            0.002619105354
   167000            0.002668051922            0.002185630414
   168000            0.002658749089            0.003003801743
   169000            0.002649885803            0.003388029287
   170000            0.002639127154            0.004580915644
   171000            0.002631996845            0.004269743058
   172000            0.002626096499            0.003998188782
   173000            0.002617942520            0.004319180953
   174000            0.002609804433            0.004774140080
   175000            0.002603227842            0.004123822234
   176000            0.002595237376            0.003993176254
   177000            0.002587602460            0.003865118253
   178000            0.002580216985            0.003680460566
   179000            0.002571083014            0.004673692493
   180000            0.002562709604            0.005204357289
   181000            0.002557146237            0.004961568010
   182000            0.002554270478            0.003291641982
   183000            0.002547700613            0.003134198272
   184000            0.002540671700            0.003456288545
   185000            0.002533036604            0.003792859688
   186000            0.002526452937            0.004055625756
   187000            0.002522196699            0.002860550264
   188000            0.002514519519            0.003237020787
   189000            0.002506284162            0.003836171002
   190000            0.002499106394            0.003394991700
   191000            0.002492079634            0.003709512894
   192000            0.002483643361            0.004966457771
   193000            0.002477029200            0.004820592539
   194000            0.002470668890            0.004810525193
   195000            0.002462990555            0.005092024700
   196000            0.002457127524            0.004850352630
   197000            0.002451136526            0.005002696563
   198000            0.002445735120            0.004964734282
   199000            0.002440027850            0.005014460925
   200000            0.002434790188            0.004790066180
   201000            0.002426910279            0.005198336159
   202000            0.002420570032            0.005327105496
   203000            0.002412228559            0.006374545453
   204000            0.002406345803            0.006390379883
   205000            0.002403084687            0.005035837631
   206000            0.002397046761            0.004793518944
   207000            0.002392931118            0.004281332208
   208000            0.002387393006            0.004315122249
   209000            0.002382544567            0.003835057113
   210000            0.002377020839            0.004390167554
   211000            0.002370899952            0.004305998449
   212000            0.002364316320            0.004625391656
   213000            0.002358860108            0.004446329359
   214000            0.002352030175            0.005125247909
   215000            0.002347264823            0.005514989040
   216000            0.002341730008            0.005820587568
   217000            0.002337291306            0.005190880508
   218000            0.002331502122            0.005447871998
   219000            0.002326622436            0.004906056629
   220000            0.002320197186            0.005609290394
   221000            0.002314759439            0.005617045042
   222000            0.002308956048            0.005786269526
   223000            0.002302264773            0.006437433515
   224000            0.002295618810            0.006876277974
   225000            0.002291401822            0.006708565988
   226000            0.002284978203            0.007272053202
   227000            0.002280107659            0.007245407007
   228000            0.002273872554            0.007779868487
   229000            0.002269077209            0.007585324467
   230000            0.002265077866            0.006938007956
   231000            0.002259672762            0.006937865353
   232000            0.002256609038            0.006732495554
   233000            0.002251976995            0.006638474989
   234000            0.002245301074            0.006980597326
   235000            0.002240537695            0.006976674397
   236000            0.002234715214            0.007577069770
   237000            0.002230058114            0.007635439989
   238000            0.002224812939            0.008177540095
   239000            0.002220529003            0.007689432651
   240000            0.002216634387            0.007405128943
   241000            0.002212720433            0.007373445366
   242000            0.002208649210            0.007434479624
   243000            0.002204140288            0.007203182303
   244000            0.002198758584            0.007555074721
   245000            0.002193497281            0.007571191356
   246000            0.002190923743            0.006741096130
   247000            0.002185683620            0.007276002064
   248000            0.002181127554            0.007588159429
   249000            0.002176270503            0.007774705587
   250000            0.002171164203            0.007813260472
   251000            0.002166640887            0.007469052311
   252000            0.002162608534            0.007319013973
   253000            0.002158568012            0.007146608751
   254000            0.002153866143            0.007020266603
   255000            0.002149903331            0.007130489117
   256000            0.002146238486            0.006637711378
   257000            0.002140712378            0.007266189944
   258000            0.002136610366            0.007242558697
   259000            0.002131542548            0.007212848711
   260000            0.002126879712            0.007196948470
   261000            0.002122801789            0.007151229415
   262000            0.002116596342            0.008298437183
   263000            0.002112641727            0.008423842324
   264000            0.002108061458            0.008953144034
   265000            0.002104105106            0.009042305504
   266000            0.002099211697            0.009763311953
   267000            0.002096619718            0.009324331306
   268000            0.002092278549            0.009315494240
   269000            0.002089034586            0.009405700842
   270000            0.002085535298            0.009336840194
   271000            0.002081393703            0.009122102144
   272000            0.002078046466            0.008878513988
   273000            0.002073914057            0.008910163319
   274000            0.002069681366            0.009225203442
   275000            0.002067114947            0.008667810440
   276000            0.002063475861            0.008619469555
   277000            0.002059973751            0.008738572356
   278000            0.002054763382            0.009486150126
   279000            0.002050880645            0.009566394538
   280000            0.002047346667            0.009641641857
   281000            0.002044084957            0.009340348251
   282000            0.002040656216            0.009211137506
   283000            0.002037647968            0.008990394468
   284000            0.002033054263            0.009692609618
   285000            0.002029578606            0.009649270859
   286000            0.002025974543            0.009622071151
   287000            0.002022104857            0.009780223073
   288000            0.002019724442            0.009324276432
   289000            0.002016620827            0.009239638346
   290000            0.002013866944            0.009105873400
   291000            0.002009193249            0.009764128293
   292000            0.002006559673            0.009303768953
   293000            0.002003702822            0.008974114123
   294000            0.001999587840            0.009408110929
   295000            0.001995863545            0.009628845947
   296000            0.001991769647            0.010114299366
   297000            0.001988441174            0.009956185308
   298000            0.001984540492            0.010163763805
   299000            0.001982356042            0.009549583998
   300000            0.001979415495            0.009212510948
   301000            0.001976531573            0.008829118574
   302000            0.001973108558            0.008561042983
   303000            0.001968469582            0.009340326562
   304000            0.001964980268            0.009626051391
   305000            0.001962589693            0.009398619145
   306000            0.001959928973            0.009331525185
   307000            0.001956552916            0.009365871460
   308000            0.001953101976            0.009440233137
   309000            0.001950097443            0.009465467495
   310000            0.001945974889            0.010166045942
   311000            0.001942821668            0.010013344616
   312000            0.001940801096            0.009414809021
   313000            0.001937240847            0.009662551232
   314000            0.001933449831            0.010204212744
   315000            0.001929516845            0.010695248614
   316000            0.001926240881            0.011072624588
   317000            0.001923594503            0.011012053981
   318000            0.001920966833            0.011262180466
   319000            0.001918046966            0.011200483696
   320000            0.001915254780            0.010921459679
   321000            0.001911631212            0.011010968744
   322000            0.001908693792            0.011142673663
   323000            0.001905199945            0.011262244493
   324000            0.001901811335            0.011599132904
   325000            0.001899951518            0.011285847710
   326000            0.001896842239            0.011499418919
   327000            0.001894409967            0.011427235857
   328000            0.001891446137            0.011559232931
   329000            0.001888862456            0.011182861519
   330000            0.001886616722            0.010897740697
