 #APARTAT F:
  4.53281657622079462E-002   3.1235473479399682      -4.94484198097020419E-002  6.31004214550732871E-004   3.9820715649538894     
  2.26413961114532193E-002   3.1200996788166413      -5.91212842865843149E-002  9.02017874849705883E-004   3.9818001307130122     
  1.50892292964254614E-002   3.1192328332511545      -6.18401679288541617E-002  9.86889992530617715E-004   3.9817244380163714     
  1.13150348751084370E-002   3.1188502609892104      -6.30244472401206290E-002  1.02505109826086399E-003   3.9816900802995776     
  9.05112233507073503E-003   3.1186355605760396      -6.36667681247096440E-002  1.04605142104021104E-003   3.9816705433759800     
  7.54209893809328590E-003   3.1185040198518972      -6.40724652546954543E-002  1.05942518535549648E-003   3.9816584829965262     
  6.46434830389876116E-003   3.1184101793465731      -6.43451907393745581E-002  1.06846330082047787E-003   3.9816498370753415     
  5.65610270451156940E-003   3.1183413773117863      -6.45419697479559240E-002  1.07500839422305537E-003   3.9816434757763464     
  5.02750716055607155E-003   3.1182953329999612      -6.46899502020834016E-002  1.07994355808224934E-003   3.9816392080835450     
  4.52465587424320196E-003   3.1182543157314964      -6.47894041006920746E-002  1.08326670668103427E-003   3.9816353992212554     
  4.11324872073863708E-003   3.1182208531399236      -6.48938246038726074E-002  1.08676130304548096E-003   3.9816322869243366     
  3.77042085603296632E-003   3.1181934693655418      -6.49796936825825372E-002  1.08963926357705178E-003   3.9816297366904321     
  3.48034385526108103E-003   3.1181742322625783      -6.50456402119029137E-002  1.09185208998856796E-003   3.9816279433655155     
  3.23171234681265398E-003   3.1181519455915305      -6.50964923122759470E-002  1.09355995774337530E-003   3.9816258639108222     
  3.01623612686248389E-003   3.1181381628589602      -6.51380634923873075E-002  1.09495711731707069E-003   3.9816245769252046     
  2.82769780164292620E-003   3.1181248129497265      -6.51728235948539625E-002  1.09612604911795688E-003   3.9816233296340782     
  2.66134306569499549E-003   3.1181179218593287      -6.52186689636885947E-002  1.09766871598597016E-003   3.9816226855171184     
  2.51347424328722795E-003   3.1181016521915850      -6.52504535531051727E-002  1.09873888352066021E-003   3.9816211640251868     
  2.38117219868846887E-003   3.1180917434324442      -6.52764908086899270E-002  1.09961593038876817E-003   3.9816202368704903     
  2.26210168170234678E-003   3.1180827385006138      -6.52982551095562386E-002  1.10034931422669591E-003   3.9816193939471267     
  2.15437229406055487E-003   3.1180753221998172      -6.53336481517162587E-002  1.10154246292673455E-003   3.9816186994880702     
  2.05643737751993495E-003   3.1180677712981870      -6.53411472480777966E-002  1.10179535090682273E-003   3.9816179922000599     
  1.96701928127156851E-003   3.1180626585281401      -6.53664404290390383E-002  1.10264851324388155E-003   3.9816175131613400     
  1.88505331405465167E-003   3.1180579800617871      -6.53661531979642940E-002  1.10263882282110180E-003   3.9816170747233173     
  1.80964514883924835E-003   3.1180473760398066      -6.53796335160259645E-002  1.10309365927662166E-003   3.9816160806548644     
  1.74003805795382464E-003   3.1180417748921032      -6.54077120471213691E-002  1.10404135197459492E-003   3.9816155553975241     
  1.67558742983493335E-003   3.1180405938731286      -6.54230532610363125E-002  1.10455931294054150E-003   3.9816154446294751     
  1.61574074686347347E-003   3.1180355222852025      -6.54273831235590853E-002  1.10470552281601540E-003   3.9816149689009146     
  1.56002170600329443E-003   3.1180353730995298      -6.54344298178766159E-002  1.10494349477713804E-003   3.9816149549053472     
  1.50801751552381933E-003   3.1180272894604570      -6.54648726769371109E-002  1.10597186666025232E-003   3.9816141964217966     
  1.45936865058015133E-003   3.1180278210116041      -6.54559335208083348E-002  1.10566984880568122E-003   3.9816142463049493     
  1.41376052974196927E-003   3.1180186398017504      -6.54555938007412713E-002  1.10565837185499865E-003   3.9816133845407804     
  1.37091670497252959E-003   3.1180112616512110      -6.54801185048679013E-002  1.10648705654702072E-003   3.9816126917716321     
  1.33059325344677716E-003   3.1180142810665656      -6.54908707726143402E-002  1.10685047134115159E-003   3.9816129753048974     
  1.29257413082700537E-003   3.1180150889508482      -6.54994391681093385E-002  1.10714011638291432E-003   3.9816130511617960     
  1.25666729903560004E-003   3.1180100000428381      -6.54921638315947297E-002  1.10689417932836073E-003   3.9816125732916072     
  1.22270148199047322E-003   3.1180142897281429      -6.55074302417384402E-002  1.10741027985274717E-003   3.9816129761181966     
  1.19052343361975704E-003   3.1180070352041436      -6.55126618884776107E-002  1.10758717003774229E-003   3.9816122948330586     
  1.15999562620348559E-003   3.1180027714752270      -6.55129631391394435E-002  1.10759735622543618E-003   3.9816118943209897     
  1.13099428548136226E-003   3.1180042932980436      -6.55185228657567814E-002  1.10778535565342361E-003   3.9816120372812569     
  1.10340771331976029E-003   3.1179939143903534      -6.55345621135816486E-002  1.10832780435128489E-003   3.9816110621020808     
  1.07713485000913208E-003   3.1179938517730679      -6.55232881200183276E-002  1.10794650308551298E-003   3.9816110562173979     
  1.05208403718041609E-003   3.1179962055764117      -6.55570081415723510E-002  1.10908715381459358E-003   3.9816112774137382     
  1.02817194942232681E-003   3.1179862134142469      -6.55568006210207471E-002  1.10908013220027148E-003   3.9816103382582395     
  1.00532266835600542E-003   3.1179924287722796      -6.55457106712479809E-002  1.10870492772092294E-003   3.9816109224816074     
  9.83466877487793696E-004   3.1179895682753225      -6.55537729512787049E-002  1.10897769123961365E-003   3.9816106536233349     
  9.62541159851132574E-004   3.1179941446657562      -6.55759568404113702E-002  1.10972839099955211E-003   3.9816110837429002     
  9.42487383446883827E-004   3.1179925763808312      -6.55760953702177185E-002  1.10973307962717975E-003   3.9816109363544596     
  9.23252161938926735E-004   3.1179866832062357      -6.55669330829434654E-002  1.10942299764071168E-003   3.9816103824225264     
  9.04786380068873380E-004   3.1179844487214399      -6.55723143157468796E-002  1.10960511103646306E-003   3.9816101723548400     
  8.87044774906536101E-004   3.1179837070147944      -6.55871255684035981E-002  1.11010643535057029E-003   3.9816101026213522     
  8.69985565419507099E-004   3.1179917567744928      -6.56068762768749342E-002  1.11077512420251485E-003   3.9816108593234247     
  8.53570123979839417E-004   3.1179875810124411      -6.55740338634561021E-002  1.10966330766912335E-003   3.9816104668212042     
  8.37762684371338388E-004   3.1179789061310252      -6.55735692824188365E-002  1.10964758416779515E-003   3.9816096512007486     
  8.22530081651760576E-004   3.1179774949033163      -6.56026704485517809E-002  1.11063271291885141E-003   3.9816095184874647     
  8.07841519887916143E-004   3.1179770116408521      -6.55876023555588272E-002  1.11012257529902983E-003   3.9816094730391498     
  7.93668364340565074E-004   3.1179804618170004      -6.55979195453191555E-002  1.11047185612904963E-003   3.9816097974898463     
  7.79983955148169476E-004   3.1179815160160271      -6.56015502259652827E-002  1.11059478320595160E-003   3.9816098966160873     
  7.66763439958702557E-004   3.1179753530725010      -6.56041095903395488E-002  1.11068144189493978E-003   3.9816093170523734     
  7.53983623298835458E-004   3.1179741322403065      -6.55997608224244411E-002  1.11053419698117490E-003   3.9816092022272680     
  7.41622830759754875E-004   3.1179757348593213      -6.56017643931121192E-002  1.11060203465971892E-003   3.9816093529600307     
  7.29660786326712650E-004   3.1179793334652897      -6.55948760366926037E-002  1.11036881468220519E-003   3.9816096913861321     
  7.18078501391846260E-004   3.1179704089342382      -6.55946824287932384E-002  1.11036226002826101E-003   3.9816088519958810     
  7.06858174172373017E-004   3.1179748397628821      -6.55900583469683218E-002  1.11020571608960055E-003   3.9816092687738722     
  6.95983098413543977E-004   3.1179763891649501      -6.56185849409689909E-002  1.11117163304717001E-003   3.9816094144971670     
  6.85437580391580503E-004   3.1179765888826316      -6.56162584626687473E-002  1.11109284223303195E-003   3.9816094332801812     
  6.75206863349406424E-004   3.1179671309871426      -6.56182336007950923E-002  1.11115973403441335E-003   3.9816085436113298     
  6.65277058600010729E-004   3.1179721329959533      -6.56179705297752630E-002  1.11115082451879827E-003   3.9816090141759606     
  6.55635082620996748E-004   3.1179721515109966      -6.56187263481317479E-002  1.11117642217200131E-003   3.9816090159175803     
  6.46268599541180238E-004   3.1179593884780292      -6.56369972357070258E-002  1.11179530056500632E-003   3.9816078150373349     
  6.37165968487612782E-004   3.1179737045162996      -6.56135255413586027E-002  1.11100028998633552E-003   3.9816091619963760     
  6.28316195320474604E-004   3.1179705651434180      -6.56062025448264502E-002  1.11075231071101096E-003   3.9816088666907477     
  6.19708888335071257E-004   3.1179634912282137      -6.56440845567506787E-002  1.11203541135539586E-003   3.9816082011379157     
  6.11334217555657353E-004   3.1179655378666071      -6.56229853520564899E-002  1.11132066935840210E-003   3.9816083937173907     
  6.03182877285841370E-004   3.1179679960985585      -6.56420147442408897E-002  1.11196528566062940E-003   3.9816086250039238     
  5.95246051615615332E-004   3.1179630389636155      -6.56391809160055684E-002  1.11186927853418500E-003   3.9816081585795997     
  5.87515382616217723E-004   3.1179806985288665      -6.56329913504757334E-002  1.11165959696322958E-003   3.9816098197482273     
  5.79982940981608867E-004   3.1179602798945845      -6.56226143208928359E-002  1.11130810262029126E-003   3.9816078989322383     
  5.72641198899763665E-004   3.1179727925476870      -6.56410449309213495E-002  1.11193242893669079E-003   3.9816090762159417     
  5.65483004958668113E-004   3.1179596206780547      -6.56424021710741712E-002  1.11197841159719167E-003   3.9816078368909453     
  5.58501560911177190E-004   3.1179593214264414      -6.56178941287446499E-002  1.11114823702582774E-003   3.9816078087267042     
  5.51690400140046502E-004   3.1179658394702940      -6.56038141517919920E-002  1.11067143833341962E-003   3.9816084220955323     
  5.45043367679745637E-004   3.1179693446269514      -6.56221090764616266E-002  1.11129099022467853E-003   3.9816087518720717     
  5.38554601665319787E-004   3.1179554311349129      -6.56591961061940288E-002  1.11254746091653668E-003   3.9816074425571855     
  5.32218516090773083E-004   3.1179585042381412      -6.56416077300080864E-002  1.11195149619069088E-003   3.9816077318147309     
  5.26029784770384542E-004   3.1179614165565317      -6.56570140878367792E-002  1.11247351670797404E-003   3.9816080059036123     
  5.19983326406164913E-004   3.1179535188875476      -6.56406093689798076E-002  1.11191767250369122E-003   3.9816072625468628     
  5.14074290673464571E-004   3.1179598421176409      -6.56340462404815111E-002  1.11169533167525519E-003   3.9816078577316323     
  5.08298045244651902E-004   3.1179638225193496      -6.56497168765348416E-002  1.11222624676091163E-003   3.9816082323120545     
  5.02650163677898702E-004   3.1179513689478391      -6.56411844065603045E-002  1.11193715426216155E-003   3.9816070601438711     
  4.97126414104524621E-004   3.1179588356959624      -6.56457233280242497E-002  1.11209093484839340E-003   3.9816077630111359     
  4.91722748654139542E-004   3.1179646185549070      -6.56308315102010625E-002  1.11158643352472579E-003   3.9816083072163546     
  4.86435293562050063E-004   3.1179519058980576      -6.56776435913117435E-002  1.11317270725203553E-003   3.9816071106960043     
  4.81260339908120703E-004   3.1179540528933618      -6.56590464236572746E-002  1.11254238839825193E-003   3.9816073128172214     
  4.76194334940562253E-004   3.1179629139522067      -6.56403327375553042E-002  1.11190830053946072E-003   3.9816081468158222     
  4.71233873941993907E-004   3.1179569094068440      -6.56886208009230810E-002  1.11354484457746043E-003   3.9816075817050445     
  4.66375692598646667E-004   3.1179518275140783      -6.56584071512399531E-002  1.11252072453810018E-003   3.9816071033164762     
  4.61616659836767398E-004   3.1179597919483366      -6.56424794953364560E-002  1.11198103133559704E-003   3.9816078530099883     
  4.56953771093189043E-004   3.1179581547084028      -6.56489052189020150E-002  1.11219874500203034E-003   3.9816076989169460     
  4.52384141989675128E-004   3.1179546355621159      -6.56584061783633682E-002  1.11252069156912042E-003   3.9816073676673271     
