      0.000000000000      -21.793000000000       24.001389225586       24.390000000000
      0.020100502513      -21.310560015566       23.623188025049       23.618024963767
      0.040201005025      -20.843324099496       22.882028749573       22.877029254801
      0.060301507538      -20.390679462819       22.170872022319       22.166031444342
      0.080402010050      -19.952032761915       21.488764169057       21.484078002710
      0.100502512563      -19.526809546475       20.834778551189       20.830242431993
      0.120603015075      -19.114453724681       20.208014721500       20.203624421902
      0.140703517588      -18.714427045109       19.607597602486       19.603349028197
      0.160804020101      -18.326208594933       19.032676686654       19.028565873084
      0.180904522613      -17.949294313987       18.482425258227       18.478448367009
      0.201005025126      -17.583196524250       17.956039635688       17.952192951295
      0.221105527638      -17.227443474361       17.452738434628       17.449018361081
      0.241206030151      -16.881578898738       16.971761850369       16.968164908023
      0.261306532663      -16.545161590929       16.512370959859       16.508893782276
      0.281407035176      -16.217764990804       16.073847042331       16.070486373231
      0.301507537688      -15.898976785207       15.655490918268       15.652243608557
      0.321608040201      -15.588398521728       15.256622306185       15.253485311060
      0.341708542714      -15.285645235210       14.876579196814       14.873549572936
      0.361809045226      -14.990345086680       14.514717244213       14.511792146957
      0.381909547739      -14.702139014337       14.170409173428       14.167585854192
      0.402010050251      -14.420680396291       13.843044204259       13.840320007843
      0.422110552764      -14.145634724719       13.532027490762       13.529399852815
      0.442211055276      -13.876679291135       13.236779576112       13.234246020629
      0.462311557789      -13.613502882463       12.956735862436       12.954293999321
      0.482412060302      -13.355805487620       12.691346095291       12.688993617977
      0.502512562814      -13.103298014310       12.440073862432       12.437808545552
      0.522613065327      -12.855702015763       12.202396106551       12.200215803661
      0.542713567839      -12.612749427112       11.977802651661       11.975705293020
      0.562814070352      -12.374182311174       11.765795742844       11.763779333233
      0.582914572864      -12.139752613330       11.565889599049       11.563952215643
      0.603015075377      -11.909221925282       11.377609978682       11.375749768961
      0.623115577889      -11.682361257403       11.200493757708       11.198708937419
      0.643216080402      -11.458950819445       11.034088520026       11.032377371174
      0.663316582915      -11.238779809362       10.877952159858       10.876313028745
      0.683417085427      -11.021646210003       10.731652495938       10.730083791230
      0.703517587940      -10.807356593445       10.594766897266       10.593267088104
      0.723618090452      -10.595725932726       10.466881920235       10.465449534370
      0.743718592965      -10.386577420772       10.347592956920       10.346226578887
      0.763819095477      -10.179742296267       10.236503894359       10.235202163671
      0.783919597990       -9.975059676275       10.133226784636       10.131988394012
      0.804020100503       -9.772376395377       10.037381525612       10.036205219230
      0.824120603015       -9.571546851125        9.948595552162        9.947480123930
      0.844221105528       -9.372432855592        9.866503537753        9.865447829607
      0.864321608040       -9.174903492823        9.790747106254        9.789750006475
      0.884422110553       -8.978834981973        9.720974553856        9.720034995400
      0.904522613065       -8.784110545934        9.656840580984        9.655957539837
      0.924623115578       -8.590620285250        9.598006034118        9.597178527655
      0.944723618090       -8.398261057126        9.544137657427        9.543364742793
      0.964824120603       -8.206936359324        9.494907854151        9.494188626646
      0.984924623116       -8.016556218768        9.449994457661        9.449328049134
      1.005025125628       -7.827037084644        9.409080512142        9.408466089397
      1.025125628141       -7.638301725817        9.371854062871        9.371290826071
      1.045226130653       -7.450279132368        9.338007956045        9.337495137127
      1.065326633166       -7.262904421052        9.307239648158        9.306776509240
      1.085427135678       -7.076118744502        9.279251024896        9.278836856690
      1.105527638191       -6.889869203970        9.253748229584        9.253382349805
      1.125628140704       -6.704108765423        9.230441501177        9.230123252944
      1.145728643216       -6.518796178798        9.209045021832        9.208773772067
      1.165829145729       -6.333895900224        9.189276774112        9.189051911929
      1.185929648241       -6.149378017024        9.170858407852        9.170679342929
      1.206030150754       -5.965218175285        9.153515116766        9.153381277717
      1.226130653266       -5.781397509817        9.136975524874        9.136886357593
      1.246231155779       -5.597902576295        9.120971582824        9.120926548822
      1.266331658291       -5.414725285382        9.105238474226        9.105237048943
      1.286432160804       -5.231862838638        9.089514532102        9.089556203199
      1.306532663317       -5.049317666001        9.073541165584        9.073625431213
      1.326633165829       -4.867097364645        9.057062797002        9.057189164048
      1.346733668342       -4.685214638986        9.039826809510        9.039994791808
      1.366834170854       -4.503687241649        9.021583505431        9.021792621952
      1.386934673367       -4.322537915150        9.002086075490        9.002335848488
      1.407035175879       -4.141794334092        8.981090579135        8.981380532270
      1.427135678392       -3.961489047647        8.958355936169        8.958685592582
      1.447236180905       -3.781659422085        8.933643929900        8.934012810253
      1.467336683417       -3.602347583128        8.906719222060        8.907126842534
      1.487437185930       -3.423600357882        8.877349379759        8.877795250004
      1.507537688442       -3.245469216103        8.845304914727        8.845788535763
      1.527638190955       -3.068010210556        8.810359335151        8.810880197221
      1.547738693467       -2.891283916197        8.772289210395        8.772846790765
      1.567839195980       -2.715355367927        8.730874248949        8.731468009645
      1.587939698492       -2.540293996641        8.685897389919        8.686526775413
      1.608040201005       -2.366173563307        8.637144908437        8.637809343265
      1.628140703518       -2.193072090775        8.584406535360        8.585105421674
      1.648241206030       -2.021071793041        8.527475591649        8.528208306704
      1.668341708543       -1.850259001663        8.466149137841        8.466915031405
      1.688442211055       -1.680724089008        8.400228139058        8.401026530751
      1.708542713568       -1.512561388033        8.329517645992        8.330347822544
      1.728643216080       -1.345869108264        8.253826992352        8.254688204775
      1.748743718593       -1.180749247637        8.172970009253        8.173861469936
      1.768844221106       -1.017307499852        8.086765257086        8.087686136791
      1.788944723618       -0.855653156900        7.995036275385        7.995985700153
      1.809045226131       -0.695899006369        7.897611851266        7.898588899226
      1.829145728643       -0.538161223180        7.794326307024        7.795330005099
      1.849246231156       -0.382559255333        7.685019807484        7.686049127995
      1.869346733668       -0.229215703281        7.569538687767        7.570592544920
      1.889447236181       -0.078256192508        7.447735802093        7.448813048362
      1.909547738693        0.070190761124        7.319470894351        7.320570316727
      1.929648241206        0.215993893697        7.184610991104        7.185731307238
      1.949748743719        0.359019343681        7.043030817811        7.044170672015
      1.969849246231        0.499130810996        6.894613238999        6.895771198124
      1.989949748744        0.636189725149        6.739249723217        6.740424272384
      2.010050251256        0.770055422984        6.576840833564        6.578030371761
      2.030150753769        0.900585336548        6.407296744694        6.408499580215
      2.050251256281        1.027635191615        6.230537787141        6.231752132879
      2.070351758794        1.151059217438        6.046495019931        6.047718988507
      2.090452261307        1.270710368296        5.855110832408        5.856342431134
      2.110552763819        1.386440557435        5.656339576283        5.657576701958
      2.130653266332        1.498100904026        5.450148228927        5.451388662454
      2.150753768844        1.605541993773        5.236517088975        5.237758489794
      2.170854271357        1.708614153834        5.015440505353        5.016680405677
      2.190954773869        1.807167742732        4.786927640836        4.788163439704
      2.211055276382        1.901053455978        4.551003271366        4.552232228478
      2.231155778894        1.990122648114        4.307708622305        4.308927851663
      2.251256281407        2.074227671950        4.057102242940        4.058308706248
      2.271356783920        2.153222235770        3.799260920483        3.800451420344
      2.291457286432        2.226961779306        3.534280634977        3.535451807850
      2.311557788945        2.295303869337        3.262277556494        3.263425865394
      2.331658291457        2.358108615748        2.983389086029        2.984510813002
      2.351758793970        2.415239108976        2.697774941648        2.698866179977
      2.371859296482        2.466561879734        2.405618291401        2.406674937542
      2.391959798995        2.511947381997        2.107126934599        2.108144679850
      2.412060301508        2.551270500220        1.802534533116        1.803508854995
      2.432160804020        2.584411081821        1.492101894416        1.493028047746
      2.452261306533        2.611254495976        1.176118308063        1.176991315764
      2.472361809045        2.631692219833        0.854902937561        0.855717581111
      2.492462311558        2.645622453265        0.528806269361        0.529557078946
      2.512562814070        2.652950763325        0.198211621010        0.198892865340
      2.532663316583        2.653590759637       -0.136463289549       -0.135857613778
      2.552763819095        2.647464801936       -0.474764711481       -0.474240890474
      2.572864321608        2.634504741085       -0.816201163212       -0.815765777335
      2.592964824121        2.614652694873       -1.160241667020       -1.159901602432
      2.613065326633        2.587861859999       -1.506313913793       -1.506076374477
      2.633165829146        2.554097361655       -1.853802355601       -1.853674875796
      2.653266331658        2.513337142186       -2.202046223641       -2.202036680698
      2.673366834171        2.465572890353       -2.550337469077       -2.550454096737
      2.693467336683        2.410811012775       -2.897918624167       -2.898170026286
      2.713567839196        2.349073649180       -3.243980581002       -3.244375745739
      2.733668341709        2.280399733137       -3.587660285131       -3.588208599605
      2.753768844221        2.204846100029       -3.928038341218       -3.928749606655
      2.773869346734        2.122488644043       -4.264136527792       -4.265020975173
      2.793969849246        2.033423526048       -4.594915218075       -4.595983524312
      2.814070351759        1.937768434271       -4.919270703794       -4.920534008427
      2.834170854271        1.835663899764       -5.236032418707       -5.237502341168
      2.854271356784        1.727274668695       -5.543960058590       -5.545648716028
      2.874371859296        1.612791133590       -5.841740594204       -5.843660619909
      2.894472361809        1.492430825712       -6.127985173789       -6.130149736202
      2.914572864322        1.366439970825       -6.401225911369       -6.403648733727
      2.934673366834        1.235095110682       -6.659912557152       -6.662607937791
      2.954773869347        1.098704792648       -6.902409046195       -6.905391879501
      2.974874371859        0.957611329930       -7.126989921301       -7.130275719344
      2.994974874372        0.812192635007       -7.331836626049       -7.335441540925
      3.015075376884        0.662864128883       -7.515033663717       -7.518974510631
      3.035175879397        0.510080728928       -7.674564617772       -7.678858898853
      3.055276381910        0.354338918119       -7.808308029362       -7.812973958272
      3.075376884422        0.196178898602       -7.914033127249       -7.919089654560
      3.095477386935        0.036186832601       -7.989395405332       -7.994862244729
      3.115577889447       -0.125002826235       -8.031932042825       -8.037829698198
      3.135678391960       -0.286704907814       -8.039057162135       -8.045406955494
      3.155778894472       -0.448181003608       -8.008056919078       -8.014881019367
      3.175879396985       -0.608636844259       -7.936084420060       -7.943405872925
      3.195979899497       -0.767219573258       -7.820154460726       -7.827997219230
      3.216080402010       -0.923014913032       -7.657138080333       -7.665527036641
      3.236180904523       -1.075044219704       -7.443756925924       -7.452717943999
      3.256281407035       -1.222261422617       -7.176577420226       -7.186137369590
      3.276381909548       -1.363549844638       -6.852004727065       -6.862191517615
      3.296482412060       -1.497718899082       -6.466276507804       -6.477119125734
      3.316582914573       -1.623500659022       -6.015456462170       -6.026985007039
      3.336683417085       -1.739546294546       -5.495427646635       -5.507673369603
      3.356783919598       -1.844422373459       -4.901885563276       -4.914880906588
      3.376884422111       -1.936607020708       -4.230331011977       -4.244109649618
      3.396984924623       -2.014485931730       -3.476062698274       -3.490659577978
      3.417085427136       -2.076348234709       -2.634169589379       -2.649620975916
      3.437185929648       -2.120382196629       -1.699523010303       -1.715866530137
      3.457286432161       -2.144670767787       -0.666768471925       -0.684043159304
      3.477386934673       -2.147186959320        0.469682777249        0.451436432828
      3.497487437186       -2.125789048098        1.715662484566        1.696402489342
      3.517587939698       -2.078215603156        3.077254420619        3.056937226033
      3.537688442211       -2.002080327671        4.560803709814        4.539384160431
      3.557788944724       -1.894866710299        6.172926473625        6.150357753405
      3.577889447236       -1.753922479485        7.920519796154        7.896753373090
      3.597989949749       -1.576453854173        9.810772022160        9.785757591152
      3.618090452261       -1.359519584122       11.851173397766       11.824858821706
      3.638190954774       -1.100024772855       14.049527064364       14.021858313504
      3.658291457286       -0.794714476007       16.413960416959       16.384881506322
      3.678391959799       -0.440167067651       18.952936837982       18.922389762806
      3.698492462312       -0.032787366942       21.675267818033       21.643192487349
      3.718592964824        0.431200482823       24.590125475890       24.556459643936
      3.738693467337        0.955760390882       27.707055489606       27.671734685210
      3.758793969849        1.545051959792       31.035990451636       30.998947905414
      3.778894472362        2.203438398988       34.587263660926       34.548430230193
      3.798994974874        2.935494720030       38.371623365136       38.330927456641
      3.819095477387        3.746016222712       42.400247467191       42.357614957368
      3.839195979899        4.640027281525       46.684758709889       46.640112862760
      3.859296482412        5.622790442205       51.237240353466       51.190501736008
      3.879396984925        6.699815838448       56.070252360991       56.021338755929
      3.899497487437        7.876870939130       61.196848107108       61.145674423019
      3.919597989950        9.159990636724       66.630591625793       66.577069804625
      3.939698492462       10.555487687905       72.385575413992       72.329614335598
      3.959798994975       12.069963517689       78.476438807348       78.417944191264
      3.979899497487       13.710319398753       84.918386945782       84.857261249997
      4.000000000000       15.483768018022       88.229068808591       91.663352663258
