 #APARTAT F:
  0.12886518888343057        3.0350115933563901       2.13694701834252765E-002  5.35141706156603831E-004   6.9186419085918089     
  6.43519528967319149E-002   3.0205168682271690      -9.25706294336930413E-002  1.00421735551759171E-002   6.9071864924852573     
  4.28834114799739805E-002   3.0155319446275271      -0.12047500707343745       1.70088601515759434E-002   6.9029113421498520     
  3.21558538864845575E-002   3.0131999740041926      -0.13201304149172705       2.04227849108161510E-002   6.9008525088406056     
  2.57214659152020034E-002   3.0118729630146293      -0.13804925768605797       2.23331221261776937E-002   6.8996641727095609     
  2.14327679718586094E-002   3.0110228159057275      -0.14167857708932222       2.35228350070957187E-002   6.8988964819474621     
  1.83698500766305110E-002   3.0104338082550828      -0.14407007789445575       2.43236570443529782E-002   6.8983616785118125     
  1.60729010204716492E-002   3.0100025167624844      -0.14575115973522687       2.48946100361292430E-002   6.8979685593844193     
  1.42865269142786345E-002   3.0096734771459706      -0.14699085570098588       2.53198964762203771E-002   6.8976677792471666     
  1.28575169703647914E-002   3.0094143821589747      -0.14793937162400694       2.56477238396555021E-002   6.8974304110193385     
  1.16883860796746543E-002   3.0092051813413345      -0.14868657885932920       2.59074594526072580E-002   6.8972384151540682     
  1.07141509407144824E-002   3.0090327907940737      -0.14928927447920512       2.61179150092118520E-002   6.8970799753737744     
  9.88982695989397941E-003   3.0088883182014512      -0.14978498164215037       2.62916492877413935E-002   6.8969470364100154     
  9.18328458019089175E-003   3.0087655132573317      -0.15019941645933768       2.64373414508502630E-002   6.8968339221197530     
  8.57096355467391359E-003   3.0086598567040230      -0.15055075504205945       2.65611677856260053E-002   6.8967365197851054     
  8.03519461861053330E-003   3.0085680012071139      -0.15085218617969912       2.66676352443686732E-002   6.8966517777631022     
  7.56246659280611876E-003   3.0084874153967527      -0.15111349896293960       2.67601049634636906E-002   6.8965773847613221     
  7.14227119940113921E-003   3.0084161499940762      -0.15134210378511007       2.68411316930894789E-002   6.8965115586018024     
  6.76631272068545925E-003   3.0083526798851312      -0.15154370833151762       2.69126900799235361E-002   6.8964529032815403     
  6.42795478990983941E-003   3.0082957948904046      -0.15172277671002987       2.69763292647674825E-002   6.8964003099263689     
  6.12182526068446274E-003   3.0082445225878547      -0.15188284841096639       2.70332808297991389E-002   6.8963528866967279     
  5.84352885151594517E-003   3.0081980727445123      -0.15202676438698839       2.70845356523166589E-002   6.8963099082466375     
  5.58943476078799933E-003   3.0081557966035550      -0.15215683024650870       2.71308995984353846E-002   6.8962707786464961     
  5.35651738352836779E-003   3.0081171566321041      -0.15227493592950520       2.71730345066424767E-002   6.8962350038010589     
  5.14223525997487777E-003   3.0080817036853524      -0.15238264481018418       2.72114887961094724E-002   6.8962021706071797     
  4.94443796177409384E-003   3.0080490595782270      -0.15248126095055950       2.72467206340694726E-002   6.8961719310320815     
  4.76129367205193124E-003   3.0080189036179377      -0.15257188042780315       2.72791156608701499E-002   6.8961439897994588     
  4.59123228542627007E-003   3.0079909620934959      -0.15265543100834789       2.73090007222786639E-002   6.8961180947717171     
  4.43290028144571139E-003   3.0079649999771743      -0.15273270310669373       2.73366546073563893E-002   6.8960940293506390     
  4.28512462409274143E-003   3.0079408143366133      -0.15280437416020343       2.73623165185446632E-002   6.8960716064406533     
  4.14688364904337425E-003   3.0079182290369824      -0.15287102807142156       2.73861928401719044E-002   6.8960506635911027     
  4.01728340999209319E-003   3.0078970904637559      -0.15293317068937459       2.74084625356703741E-002   6.8960310590721212     
  3.89553832597081635E-003   3.0078772640394051      -0.15299124240982384       2.74292815477751792E-002   6.8960126686771934     
  3.78095524409800734E-003   3.0078586313627329      -0.15304562838389765       2.74487863680727764E-002   6.8959953830958813     
  3.67292023462310185E-003   3.0078410878500947      -0.15309666688306836       2.74670969656701514E-002   6.8959791057465036     
  3.57088758694970500E-003   3.0078245407837132      -0.15314465617547868       2.74843191973893480E-002   6.8959637509821237     
  3.47437059020804136E-003   3.0078089076657450      -0.15318986028031084       2.75005468273841654E-002   6.8959492425768323     
  3.38293376962226465E-003   3.0077941148635996      -0.15323251370703761       2.75158631917704725E-002   6.8959355124796060     
  3.29618631735936925E-003   3.0077800964373220      -0.15327282545159213       2.75303426038057339E-002   6.8959224997350148     
  3.21377650881235098E-003   3.0077667931652172      -0.15331098237901555       2.75440515445533017E-002   6.8959101495862241     
  3.13538693606249183E-003   3.0077541517182782      -0.15334715205532465       2.75570496603267864E-002   6.8958984127147627     
  3.06073042231613801E-003   3.0077421239282462      -0.15338148517218475       2.75693906175294504E-002   6.8958872445661115     
  2.98954650645321274E-003   3.0077306661978915      -0.15341411760456133       2.75811228285775534E-002   6.8958766048064417     
  2.92159840698271497E-003   3.0077197389541914      -0.15344517220531245       2.75922900856851519E-002   6.8958664568184433     
  2.85667039082664618E-003   3.0077093062104336      -0.15347476029390100       2.76029320866449691E-002   6.8958567672977118     
  2.79456548532468077E-003   3.0076993351530770      -0.15350298300728768       2.76130849126589653E-002   6.8958475058716182     
  2.73510348233889063E-003   3.0076897958158160      -0.15352993240033133       2.76227814174027052E-002   6.8958386447987730     
  2.67811919185836781E-003   3.0076806607616859      -0.15355569247499234       2.76320515915715846E-002   6.8958301586755981     
  2.62346090945909504E-003   3.0076719048386797      -0.15358034000936191       2.76409228563178275E-002   6.8958220242109158     
  2.57098906767782394E-003   3.0076635049292997      -0.15360394534865515       2.76494203437569995E-002   6.8958142199946515     
  2.52057504605563039E-003   3.0076554397618707      -0.15362657301567093       2.76575671131319596E-002   6.8958067263237126     
  2.47210011849073510E-003   3.0076476897268800      -0.15364828236403311       2.76653843829113011E-002   6.8957995250323725     
  2.42545451976455525E-003   3.0076402367123523      -0.15366912801898902       2.76728916868552027E-002   6.8957925993401936     
  2.38053661579187923E-003   3.0076330639715190      -0.15368916038783106       2.76801070555271027E-002   6.8957859337298251     
  2.33725216439332724E-003   3.0076261559916286      -0.15370842603650750       2.76870471499458953E-002   6.8957795138257740     
  2.29551365527428915E-003   3.0076194983820588      -0.15372696803539138       2.76937273843995066E-002   6.8957733262910059     
  2.25523971948281970E-003   3.0076130777814489      -0.15374482631099193       2.77001620516372019E-002   6.8957673587411534     
  2.21635459996072240E-003   3.0076068817520669      -0.15376203790940440       2.77063644164685027E-002   6.8957615996467903     
  2.17878767593918414E-003   3.0076008987242422      -0.15377863725301930       2.77123468071043336E-002   6.8957560382821832     
  2.14247303489682088E-003   3.0075951179011224      -0.15379465636548031       2.77181206952064503E-002   6.8957506646371183     
  2.10734908662194367E-003   3.0075895292012831      -0.15381012507104200       2.77236967668393550E-002   6.8957454693638569     
  2.07335821462513838E-003   3.0075841232104237      -0.15382507121612776       2.77290850015391929E-002   6.8957404437325165     
  2.04044646075196654E-003   3.0075788911117831      -0.15383952077679375       2.77342947103518186E-002   6.8957355795666233     
  2.00856323936438172E-003   3.0075738246545756      -0.15385349804306001       2.77393346016631265E-002   6.8957308692139927     
  1.97766107790641171E-003   3.0075689160947965      -0.15386702576482067       2.77442128332562356E-002   6.8957263054918831     
  1.94769538105567653E-003   3.0075641581651884      -0.15388012523669384       2.77489370424147397E-002   6.8957218816592505     
  1.91862421599644779E-003   3.0075595440372727      -0.15389281643998190       2.77535143966757339E-002   6.8957175913816027     
  1.89040811663990596E-003   3.0075550672932869      -0.15390511814592001       2.77579516306753066E-002   6.8957134287050454     
  1.86300990486933603E-003   3.0075507218871627      -0.15391704796881386       2.77622550649618965E-002   6.8957093880201228     
  1.83639452710771109E-003   3.0075465021233172      -0.15392862249485367       2.77664306521443471E-002   6.8957054640422104     
  1.81052890469695412E-003   3.0075424026348783      -0.15393985733765525       2.77704839966456812E-002   6.8957016517913665     
  1.78538179674602609E-003   3.0075384183455816      -0.15395076721379167       2.77744203816973449E-002   6.8956979465569930     
  1.76092367425215949E-003   3.0075345444760662      -0.15396136599787003       2.77782447889805759E-002   6.8956943439037728     
  1.73712660442882543E-003   3.0075307764926911      -0.15397166678478227       2.77819619208797171E-002   6.8956908396241419     
  1.71396414428776978E-003   3.0075271101181578      -0.15398168195364809       2.77855762233684758E-002   6.8956874297482411     
  1.69141124262274425E-003   3.0075235413003423      -0.15399142319926595       2.77890918971899527E-002   6.8956841105149884     
  1.66944414963111801E-003   3.0075200661867485      -0.15400090159415070       2.77925129200913522E-002   6.8956808783483723     
  1.64804033348789391E-003   3.0075166811443399      -0.15401012762040772       2.77958430581886073E-002   6.8956777298759535     
  1.62717840325607779E-003   3.0075133827138973      -0.15401911121443823       2.77990858819751885E-002   6.8956746618864555     
  1.60683803757894947E-003   3.0075101676128830      -0.15402786178049416       2.78022447710988448E-002   6.8956716713324706     
  1.58699991865455105E-003   3.0075070327256994      -0.15403638828010494       2.78053229465381781E-002   6.8956687553214380     
  1.56764567104145862E-003   3.0075039750865540      -0.15404469917839164       2.78083234511263822E-002   6.8956659110997434     
  1.54875780488836429E-003   3.0075009918760087      -0.15405280255181905       2.78112491883629881E-002   6.8956631360495404     
  1.53031966321881020E-003   3.0074980804081455      -0.15406070606676153       2.78141029145966001E-002   6.8956604276768365     
  1.51231537293710998E-003   3.0074952381282349      -0.15406841700731017       2.78168872489903338E-002   6.8956577836093587     
  1.49472979925255973E-003   3.0074924625961241      -0.15407594234152250       2.78196046973767583E-002   6.8956552015811212     
  1.47754850324689790E-003   3.0074897514888681      -0.15408328866225679       2.78222576308316608E-002   6.8956526794348960     
  1.46075770233497558E-003   3.0074871025939416      -0.15409046227970874       2.78248483190324317E-002   6.8956502151159205     
  1.44434423339107293E-003   3.0074845137902848      -0.15409746921258172       2.78273789270186353E-002   6.8956478066542832     
  1.42829551833353148E-003   3.0074819830556812      -0.15410431519048134       2.78298515160084574E-002   6.8956454521718040     
  1.41259953197859296E-003   3.0074795084604076      -0.15411100569400185       2.78322680578320381E-002   6.8956431498761468     
  1.39724477199078246E-003   3.0074770881585700      -0.15411754595660304       2.78346304355691215E-002   6.8956408980527675     
  1.38222023077203167E-003   3.0074747203775232      -0.15412394096883533       2.78369404450371505E-002   6.8956386950550925     
  1.36751536914515815E-003   3.0074724034334572      -0.15413019551343704       2.78391998074339793E-002   6.8956365393190238     
  1.35312009169948695E-003   3.0074701356998852      -0.15413631417784249       2.78414101738248786E-002   6.8956344293336427     
  1.33902472367740844E-003   3.0074679156288711      -0.15414230132246237       2.78435731136540410E-002   6.8956323636609635     
  1.32521998929067248E-003   3.0074657417353738      -0.15414816114086682       2.78456901364577854E-002   6.8956303409213788     
  1.31169699136428992E-003   3.0074636125870797      -0.15415389765362486       2.78477626896143568E-002   6.8956283597842116     
  1.29844719221416699E-003   3.0074615268281462      -0.15415951470864867       2.78497921584446029E-002   6.8956264189898144     
  1.28546239567211185E-003   3.0074594831324308      -0.15416501598071550       2.78517798660167203E-002   6.8956245173060573     
