 #SOBRE-RELAXACIO: 
           1   1280.6874452262430     
           2   1281.3046057484019     
           3   1281.8659247204309     
           4   1282.3759595769463     
           5   1282.8188917450411     
           6   1283.1827523680086     
           7   1283.4600127330323     
           8   1283.6438560722811     
           9   1283.7281651615838     
          10   1283.7083305737679     
          11   1283.5810801405016     
          12   1283.3443503191852     
          13   1282.9971966679107     
          14   1282.5396195408391     
          15   1281.9724459415706     
          16   1281.2971889031378     
          17   1280.5179364868493     
          18   1279.6381746293096     
          19   1278.6615925249050     
          20   1277.5919710512019     
          21   1276.4331337901410     
          22   1275.1889480115428     
          23   1273.8632729540002     
          24   1272.4599502764393     
          25   1270.9827733150792     
          26   1269.4354574086613     
          27   1267.8215849309433     
          28   1266.1446029703625     
          29   1264.4078493037839     
          30   1262.6145382161399     
          31   1260.7677426027112     
          32   1258.8704011968246     
          33   1256.9253274783164     
          34   1254.9352114151998     
          35   1252.9026229428573     
          36   1250.8300165358078     
          37   1248.7197346279449     
          38   1246.5739531564939     
          39   1244.3946102242680     
          40   1242.1833381258593     
          41   1239.9414154426277     
          42   1237.6697412636570     
          43   1235.3688327331770     
          44   1233.0388407952616     
          45   1230.6795810240710     
          46   1228.2905743143856     
          47   1225.8710934266489     
          48   1223.4202119178608     
          49   1220.9368527191152     
          50   1218.4198344246383     
          51   1215.8679139401909     
          52   1213.2798246929060     
          53   1210.6543099968540     
          54   1207.9901514828719     
          55   1205.2861927166368     
          56   1202.5413582787787     
          57   1199.7546686728986     
          58   1196.9252514780894     
          59   1194.0523491818699     
          60   1191.1353241267523     
          61   1188.1736609859865     
          62   1185.1669671566754     
          63   1182.1149714256276     
          64   1179.0175212278139     
          65   1175.8745787813498     
          66   1172.6862163478920     
          67   1169.4526108341879     
          68   1166.1740379198191     
          69   1162.8508658681853     
          70   1159.4835491526514     
          71   1156.0726220074434     
          72   1152.6186919932234     
          73   1149.1224336501682     
          74   1145.5845822965362     
          75   1142.0059280180169     
          76   1138.3873115544197     
          77   1134.7296182438113     
          78   1131.0337737269090     
          79   1127.3007392592212     
          80   1123.5315074848497     
          81   1119.7270983714361     
          82   1115.8885553953658     
          83   1112.0169419317783     
          84   1108.1133378569782     
          85   1104.1788363496157     
          86   1100.2145408869180     
          87   1096.2215624282851     
          88   1092.2010167806893     
          89   1088.1540221395048     
          90   1084.0816967988221     
          91   1079.9851570251201     
          92   1075.8655150881962     
          93   1071.7238774431733     
          94   1067.5613430573901     
          95   1063.3790018759255     
          96   1059.1779334195114     
          97   1054.9592055085968     
          98   1050.7238731073464     
          99   1046.4729772814328     
         100   1042.2075442635537     
         101   1037.9285846206997     
         102   1033.6370925173455     
         103   1029.3340450688559     
         104   1025.0204017795647     
         105   1020.6971040601663     
         106   1016.3650748192255     
         107   1012.0252181238072     
         108   1007.6784189244386     
         109   1003.3255428397938     
         110   998.96743599672209     
         111   994.60492492142021     
         112   990.23881647777841     
         113   985.86989784911361     
         114   981.49893655971550     
         115   977.12668053281789     
         116   972.75385818181030     
         117   968.38117853167694     
         118   964.00933136783999     
         119   959.63898740975856     
         120   955.27079850679559     
         121   950.90539785402359     
         122   946.54340022580902     
         123   942.18540222514184     
         124   937.83198254683123     
         125   933.48370225281008     
         126   929.14110505793144     
         127   924.80471762473735     
         128   920.47504986582146     
         129   916.15259525248416     
         130   911.83783112850540     
         131   907.53121902793112     
         132   903.23320499588124     
         133   898.94421991145020     
         134   894.66467981186338     
         135   890.39498621711732     
         136   886.13552645440450     
         137   881.88667398168741     
         138   877.64878870984035     
         139   873.42221732284565     
         140   869.20729359556390     
         141   865.00433870866777     
         142   860.81366156035244     
         143   856.63555907449586     
         144   852.47031650496228     
         145   848.31820773579852     
         146   844.17949557708255     
         147   840.05443205623476     
         148   835.94325870461671     
         149   831.84620683927403     
         150   827.76349783970250     
         151   823.69534341953522     
         152   819.64194589307670     
         153   815.60349843661663     
         154   811.58018534448252     
         155   807.57218227980093     
         156   803.57965651995096     
         157   799.60276719670765     
         158   795.64166553108419     
         159   791.69649506288965     
         160   787.76739187503267     
         161   783.85448481260630     
         162   779.95789569679778     
         163   776.07773953367541     
         164   772.21412471790245     
         165   768.36715323145529     
         166   764.53692083738736     
         167   760.72351726873762     
         168   756.92702641263497     
         169   753.14752648968738     
         170   749.38509022872995     
         171   745.63978503701821     
         172   741.91167316594476     
         173   738.20081187236724     
         174   734.50725357563363     
         175   730.83104601038895     
         176   727.17223237525400     
         177   723.53085147746049     
         178   719.90693787353223     
         179   716.30052200609953     
         180   712.71163033693210     
         181   709.14028547628038     
         182   705.58650630860836     
         183   702.05030811480583     
         184   698.53170269096290     
         185   695.03069846378855     
         186   691.54730060276336     
         187   688.08151112909820     
         188   684.63332902158413     
         189   681.20275031941424     
         190   677.78976822205277     
         191   674.39437318622504     
         192   671.01655302011125     
         193   667.65629297480837     
         194   664.31357583314173     
         195   660.98838199588943     
         196   657.68068956549143     
         197   654.39047442731624     
         198   651.11771032854210     
         199   647.86236895472564     
         200   644.62442000412011     
         201   641.40383125980031     
         202   638.20056865966080     
         203   635.01459636434561     
         204   631.84587682316271     
         205   628.69437083804462     
         206   625.56003762561090     
         207   622.44283487737675     
         208   619.34271881817529     
         209   616.25964426282928     
         210   613.19356467113289     
         211   610.14443220118449     
         212   607.11219776112273     
         213   604.09681105930963     
         214   601.09822065300239     
         215   598.11637399556344     
         216   595.15121748224556     
         217   592.20269649459647     
         218   589.27075544351896     
         219   586.35533781103209     
         220   583.45638619076226     
         221   580.57384232721006     
         222   577.70764715381983     
         223   574.85774082989485     
         224   572.02406277638488     
         225   569.20655171058445     
         226   566.40514567976879     
         227   563.61978209380118     
         228   560.85039775674238     
         229   558.09692889748840     
         230   555.35931119946849     
         231   552.63747982942732     
         232   549.93136946531990     
         233   547.24091432334615     
         234   544.56604818414837     
         235   541.90670441819691     
         236   539.26281601038795     
         237   536.63431558387504     
         238   534.02113542316204     
         239   531.42320749646888     
         240   528.84046347740241     
         241   526.27283476594596     
         242   523.72025250878914     
         243   521.18264761902071     
         244   518.65995079519314     
         245   516.15209253979106     
         246   513.65900317711066     
         247   511.18061287056986     
         248   508.71685163946881     
         249   506.26764937521284     
         250   503.83293585701642     
         251   501.41264076710081     
         252   499.00669370540407     
         253   496.61502420381214     
         254   494.23756173992990     
         255   491.87423575040339     
         256   489.52497564380576     
         257   487.18971081310286     
         258   484.86837064770475     
         259   482.56088454512275     
         260   480.26718192223632     
         261   477.98719222618718     
         262   475.72084494490679     
         263   473.46806961729118     
         264   471.22879584303132     
         265   469.00295329211065     
         266   466.79047171397741     
         267   464.59128094640482     
         268   462.40531092404188     
         269   460.23249168667314     
         270   458.07275338718506     
         271   455.92602629925761     
         272   453.79224082478123     
         273   451.67132750101234     
         274   449.56321700747162     
         275   447.46784017259529     
         276   445.38512798014466     
         277   443.31501157538133     
         278   441.25742227101563     
         279   439.21229155293429     
         280   437.17955108571283     
         281   435.15913271792203     
         282   433.15096848723067     
         283   431.15499062531302     
         284   429.17113156256465     
         285   427.19932393263628     
         286   425.23950057678547     
         287   423.29159454805455     
         288   421.35553911528058     
         289   419.43126776694089     
         290   417.51871421483787     
         291   415.61781239763025     
         292   413.72849648421476     
         293   411.85070087695971     
         294   409.98436021479972     
         295   408.12940937619123     
         296   406.28578348193474     
         297   404.45341789786909     
         298   402.63224823743838     
         299   400.82221036413762     
         300   399.02324039384001     
         301   397.23527469700991     
         302   395.45824990080263     
         303   393.69210289105882     
         304   391.93677081419008     
         305   390.19219107896669     
         306   388.45830135820353     
         307   386.73503959035173     
         308   385.02234398099625     
         309   383.32015300426389     
         310   381.62840540414294     
         311   379.94704019571935     
         312   378.27599666632835     
         313   376.61521437662753     
         314   374.96463316159242     
         315   373.32419313143635     
         316   371.69383467245711     
         317   370.07349844781425     
         318   368.46312539823543     
         319   366.86265674265906     
         320   365.27203397881095     
         321   363.69119888371779     
         322   362.12009351416197     
         323   360.55866020707612     
         324   359.00684157988127     
         325   357.46458053077049     
         326   355.93182023893814     
         327   354.40850416475814     
         328   352.89457604991151     
         329   351.38997991746567     
         330   349.89466007190708     
         331   348.40856109912806     
         332   346.93162786636856     
         333   345.46380552211730     
         334   344.00503949597038     
         335   342.55527549844902     
         336   341.11445952078117     
         337   339.68253783464297     
         338   338.25945699186576     
         339   336.84516382410783     
         340   335.43960544249160     
         341   334.04272923720907     
         342   332.65448287709455     
         343   331.27481430916805     
         344   329.90367175814822     
         345   328.54100372593706     
         346   327.18675899107762     
         347   325.84088660818378     
         348   324.50333590734596     
         349   323.17405649351093     
         350   321.85299824583871     
         351   320.54011131703459     
         352   319.23534613266162     
         353   317.93865339042969     
         354   316.64998405946432     
         355   315.36928937955588     
         356   314.09652086039074     
         357   312.83163028076115     
         358   311.57456968776057     
         359   310.32529139595994     
         360   309.08374798656848     
         361   307.84989230657868     
         362   306.62367746789539     
         363   305.40505684645177     
         364   304.19398408131030     
         365   302.99041307375097     
         366   301.79429798634601     
         367   300.60559324202359     
         368   299.42425352311875     
         369   298.25023377041322     
         370   297.08348918216575     
         371   295.92397521313035     
         372   294.77164757356582     
         373   293.62646222823707     
         374   292.48837539540494     
         375   291.35734354581018     
         376   290.23332340164791     
         377   289.11627193553539     
         378   288.00614636947131     
         379   286.90290417379060     
         380   285.80650306611005     
         381   284.71690101027002     
         382   283.63405621526897     
         383   282.55792713419419     
         384   281.48847246314568     
         385   280.42565114015645     
         386   279.36942234410850     
         387   278.31974549364418     
         388   277.27658024607371     
         389   276.23988649628006     
         390   275.20962437561928     
         391   274.18575425081917     
         392   273.16823672287404     
         393   272.15703262593809     
         394   271.15210302621631     
         395   270.15340922085227     
         396   269.16091273681627     
         397   268.17457532979057     
         398   267.19435898305306     
         399   266.22022590636124     
         400   265.25213853483433     
         401   264.29005952783484     
         402   263.33395176784973     
         403   262.38377835937149     
         404   261.43950262777912     
         405   260.50108811821872     
         406   259.56849859448545     
         407   258.64169803790378     
         408   257.72065064621080     
         409   256.80532083243935     
         410   255.89567322380046     
         411   254.99167266056975     
         412   254.09328419497263     
         413   253.20047309007148     
         414   252.31320481865515     
         415   251.43144506212866     
         416   250.55515970940559     
         417   249.68431485580206     
         418   248.81887680193196     
         419   247.95881205260562     
         420   247.10408731572909     
         421   246.25466950120688     
         422   245.41052571984628     
         423   244.57162328226477     
         424   243.73792969779916     
         425   242.90941267341850     
         426   242.08604011263844     
         427   241.26778011443963     
         428   240.45460097218796     
         429   239.64647117255871     
         430   238.84335939446274     
         431   238.04523450797697     
         432   237.25206557327684     
         433   236.46382183957337     
         434   235.68047274405200     
         435   234.90198791081633     
         436   234.12833714983424     
         437   233.35949045588799     
         438   232.59541800752768     
         439   231.83609016602890     
         440   231.08147747435297     
         441   230.33155065611177     
         442   229.58628061453649     
         443   228.84563843144903     
         444   228.10959536623866     
         445   227.37812285484154     
         446   226.65119250872473     
         447   225.92877611387391     
         448   225.21084562978538     
         449   224.49737318846152     
         450   223.78833109341119     
         451   223.08369181865339     
         452   222.38342800772568     
         453   221.68751247269620     
         454   220.99591819318059     
         455   220.30861831536254     
         456   219.62558615101821     
         457   218.94679517654637     
         458   218.27221903200135     
         459   217.60183152013067     
         460   216.93560660541766     
         461   216.27351841312736     
         462   215.61554122835764     
         463   214.96164949509409     
         464   214.31181781526973     
         465   213.66602094782871     
         466   213.02423380779484     
         467   212.38643146534403     
         468   211.75258914488145     
         469   211.12268222412322     
         470   210.49668623318223     
         471   209.87457685365871     
         472   209.25632991773489     
         473   208.64192140727448     
         474   208.03132745292598     
         475   207.42452433323180     
         476   206.82148847373983     
         477   206.22219644612139     
         478   205.62662496729268     
         479   205.03475089854030     
         480   204.44655124465245     
         481   203.86200315305339     
         482   203.28108391294307     
         483   202.70377095444127     
         484   202.13004184773510     
         485   201.55987430223294     
         486   200.99324616572062     
         487   200.43013542352358     
         488   199.87052019767322     
         489   199.31437874607641     
         490   198.76168946169156     
         491   198.21243087170728     
         492   197.66658163672645     
         493   197.12412054995417     
         494   196.58502653639022     
         495   196.04927865202640     
         496   195.51685608304723     
         497   194.98773814503627     
         498   194.46190428218532     
         499   193.93933406650956     
         500   193.42000719706550     
         501   192.90390349917448     
         502   192.39100292364995     
         503   191.88128554602861     
         504   191.37473156580668     
         505   190.87132130567994     
         506   190.37103521078831     
         507   189.87385384796409     
         508   189.37975790498518     
         509   188.88872818983199     
         510   188.40074562994926     
         511   187.91579127151033     
         512   187.43384627868843     
         513   186.95489193292937     
         514   186.47890963222989     
         515   186.00588089041980     
         516   185.53578733644835     
         517   185.06861071367419     
         518   184.60433287916027     
         519   184.14293580297206     
         520   183.68440156748002     
         521   183.22871236666654     
         522   182.77585050543647     
         523   182.32579839893154     
         524   181.87853857184925     
         525   181.43405365776550     
         526   180.99232639846079     
         527   180.55333964325118     
         528   180.11707634832263     
         529   179.68351957606910     
         530   179.25265249443510     
         531   178.82445837626182     
         532   178.39892059863669     
         533   177.97602264224787     
         534   177.55574809074122     
         535   177.13808063008247     
         536   176.72300404792173     
         537   176.31050223296305     
         538   175.90055917433693     
         539   175.49315896097710     
         540   175.08828578100051     
         541   174.68592392109116     
         542   174.28605776588819     
         543   173.88867179737670     
         544   173.49375059428303     
         545   173.10127883147297     
         546   172.71124127935443     
         547   172.32362280328272     
         548   171.93840836297016     
         549   171.55558301189916     
         550   171.17513189673841     
         551   170.79704025676284     
         552   170.42129342327738     
         553   170.04787681904381     
         554   169.67677595771107     
         555   169.30797644324929     
         556   168.94146396938726     
         557   168.57722431905324     
         558   168.21524336381844     
         559   167.85550706334544     
         560   167.49800146483867     
         561   167.14271270249853     
         562   166.78962699697942     
         563   166.43873065485022     
         564   166.09001006805852     
         565   165.74345171339820     
         566   165.39904215198021     
         567   165.05676802870630     
         568   164.71661607174647     
         569   164.37857309201891     
         570   164.04262598267414     
         571   163.70876171858120     
         572   163.37696735581807     
         573   163.04723003116408     
         574   162.71953696159659     
         575   162.39387544379011     
         576   162.07023285361828     
         577   161.74859664565960     
         578   161.42895435270580     
         579   161.11129358527330     
         580   160.79560203111768     
         581   160.48186745475107     
         582   160.17007769696264     
         583   159.86022067434223     
         584   159.55228437880635     
         585   159.24625687712779     
         586   158.94212631046756     
         587   158.63988089391034     
         588   158.33950891600219     
         589   158.04099873829119     
         590   157.74433879487177     
         591   157.44951759193063     
         592   157.15652370729640     
         593   156.86534578999144     
         594   156.57597255978735     
         595   156.28839280676198     
         596   156.00259539086005     
         597   155.71856924145658     
         598   155.43630335692259     
         599   155.15578680419355     
         600   154.87700871834045     
         601   154.59995830214439     
         602   154.32462482567260     
         603   154.05099762585749     
         604   153.77906610607943     
         605   153.50881973574988     
         606   153.24024804989938     
         607   152.97334064876679     
         608   152.70808719739142     
         609   152.44447742520779     
         610   152.18250112564303     
         611   151.92214815571631     
         612   151.66340843564112     
         613   151.40627194843037     
         614   151.15072873950322     
         615   150.89676891629469     
         616   150.64438264786793     
         617   150.39356016452882     
         618   150.14429175744246     
         619   149.89656777825314     
         620   149.65037863870526     
         621   149.40571481026805     
         622   149.16256682376161     
         623   148.92092526898588     
         624   148.68078079435145     
         625   148.44212410651309     
         626   148.20494597000555     
         627   147.96923720688130     
         628   147.73498869635080     
         629   147.50219137442500     
         630   147.27083623356026     
         631   147.04091432230490     
         632   146.81241674494859     
         633   146.58533466117370     
         634   146.35965928570869     
         635   146.13538188798412     
         636   145.91249379179015     
         637   145.69098637493670     
         638   145.47085106891572     
         639   145.25207935856534     
         640   145.03466278173590     
         641   144.81859292895930     
         642   144.60386144311855     
         643   144.39046001912087     
         644   144.17838040357250     
         645   143.96761439445487     
         646   143.75815384080380     
         647   143.54999064239004     
         648   143.34311674940199     
         649   143.13752416213063     
         650   142.93320493065605     
         651   142.73015115453612     
         652   142.52835498249718     
         653   142.32780861212683     
         654   142.12850428956804     
         655   141.93043430921585     
         656   141.73359101341572     
         657   141.53796679216347     
         658   141.34355408280780     
         659   141.15034536975384     
         660   140.95833318416953     
         661   140.76751010369253     
         662   140.57786875214074     
         663   140.38940179922258     
         664   140.20210196025116     
         665   140.01596199585845     
         666   139.83097471171232     
         667   139.64713295823535     
         668   139.46442963032456     
         669   139.28285766707418     
         670   139.10241005149857     
         671   138.92307981025866     
         672   138.74486001338852     
         673   138.56774377402473     
         674   138.39172424813691     
         675   138.21679463426011     
         676   138.04294817322895     
         677   137.87017814791298     
         678   137.69847788295479     
         679   137.52784074450821     
         680   137.35826013997956     
         681   137.18972951776968     
         682   137.02224236701807     
         683   136.85579221734804     
         684   136.69037263861438     
         685   136.52597724065149     
         686   136.36259967302408     
         687   136.20023362477903     
         688   136.03887282419851     
         689   135.87851103855516     
         690   135.71914207386877     
         691   135.56075977466395     
         692   135.40335802373008     
         693   135.24693074188184     
         694   135.09147188772255     
         695   134.93697545740747     
         696   134.78343548440978     
         697   134.63084603928763     
         698   134.47920122945237     
         699   134.32849519893867     
         700   134.17872212817582     
         701   134.02987623376055     
         702   133.88195176823146     
         703   133.73494301984442     
         704   133.58884431234955     
         705   133.44365000477029     
         706   133.29935449118247     
         707   133.15595220049644     
         708   133.01343759623862     
         709   132.87180517633661     
         710   132.73104947290361     
         711   132.59116505202559     
         712   132.45214651354931     
         713   132.31398849087151     
         714   132.17668565072978     
         715   132.04023269299429     
         716   131.90462435046132     
         717   131.76985538864793     
         718   131.63592060558739     
         719   131.50281483162703     
         720   131.37053292922613     
         721   131.23906979275577     
         722   131.10842034830011     
         723   130.97857955345816     
         724   130.84954239714736     
         725   130.72130389940864     
         726   130.59385911121171     
         727   130.46720311426270     
         728   130.34133102081225     
         729   130.21623797346524     
         730   130.09191914499138     
         731   129.96836973813706     
         732   129.84558498543885     
         733   129.72356014903730     
         734   129.60229052049260     
         735   129.48177142060149     
         736   129.36199819921430     
         737   129.24296623505467     
         738   129.12467093553886     
         739   129.00710773659745     
         740   128.89027210249733     
         741   128.77415952566528     
         742   128.65876552651224     
         743   128.54408565325915     
         744   128.43011548176358     
         745   128.31685061534748     
         746   128.20428668462600     
         747   128.09241934733762     
         748   127.98124428817501     
         749   127.87075721861706     
         750   127.76095387676209     
         751   127.65183002716208     
         752   127.54338146065766     
         753   127.43560399421453     
         754   127.32849347076078     
         755   127.22204575902478     
         756   127.11625675337505     
         757   127.01112237366014     
         758   126.90663856505005     
         759   126.80280129787863     
         760   126.69960656748671     
         761   126.59705039406650     
         762   126.49512882250673     
         763   126.39383792223900     
         764   126.29317378708478     
         765   126.19313253510364     
         766   126.09371030844258     
         767   125.99490327318529     
         768   125.89670761920419     
         769   125.79911956001152     
         770   125.70213533261244     
         771   125.60575119735893     
         772   125.50996343780412     
         773   125.41476836055826     
         774   125.32016229514481     
         775   125.22614159385822     
         776   125.13270263162177     
         777   125.03984180584716     
         778   124.94755553629430     
         779   124.85584026493217     
         780   124.76469245580093     
         781   124.67410859487418     
         782   124.58408518992273     
         783   124.49461877037892     
         784   124.40570588720173     
         785   124.31734311274307     
         786   124.22952704061439     
         787   124.14225428555461     
         788   124.05552148329863     
         789   123.96932529044662     
         790   123.88366238433446     
         791   123.79852946290440     
         792   123.71392324457723     
         793   123.62984046812457     
         794   123.54627789254248     
         795   123.46323229692580     
         796   123.38070048034278     
         797   123.29867926171104     
         798   123.21716547967426     
         799   123.13615599247937     
         800   123.05564767785440     
         801   122.97563743288786     
         802   122.89612217390794     
         803   122.81709883636296     
         804   122.73856437470255     
         805   122.66051576225942     
         806   122.58294999113211     
         807   122.50586407206808     
         808   122.42925503434792     
         809   122.35311992567006     
         810   122.27745581203639     
         811   122.20225977763835     
         812   122.12752892474379     
         813   122.05326037358479     
         814   121.97945126224597     
         815   121.90609874655323     
         816   121.83319999996394     
         817   121.76075221345695     
         818   121.68875259542395     
         819   121.61719837156107     
         820   121.54608678476139     
         821   121.47541509500813     
         822   121.40518057926845     
         823   121.33538053138776     
         824   121.26601226198490     
         825   121.19707309834807     
         826   121.12856038433092     
         827   121.06047148024997     
         828   120.99280376278210     
         829   120.92555462486297     
         830   120.85872147558594     
         831   120.79230174010175     
         832   120.72629285951885     
         833   120.66069229080401     
         834   120.59549750668401     
         835   120.53070599554758     
         836   120.46631526134837     
         837   120.40232282350792     
         838   120.33872621681985     
         839   120.27552299135422     
         840   120.21271071236276     
         841   120.15028696018436     
         842   120.08824933015170     
         843   120.02659543249787     
         844   119.96532289226379     
         845   119.90442934920654     
         846   119.84391245770755     
         847   119.78376988668215     
         848   119.72399931948928     
         849   119.66459845384151     
         850   119.60556500171609     
         851   119.54689668926648     
         852   119.48859125673407     
         853   119.43064645836105     
         854   119.37306006230311     
         855   119.31582985054332     
         856   119.25895361880610     
         857   119.20242917647212     
         858   119.14625434649315     
         859   119.09042696530827     
         860   119.03494488275986     
         861   118.97980596201029     
         862   118.92500807945953     
         863   118.87054912466292     
         864   118.81642700024915     
         865   118.76263962183964     
         866   118.70918491796741     
         867   118.65606082999730     
         868   118.60326531204618     
         869   118.55079633090371     
         870   118.49865186595389     
         871   118.44682990909665     
         872   118.39532846467038     
         873   118.34414554937474     
         874   118.29327919219368     
         875   118.24272743431951     
         876   118.19248832907707     
         877   118.14255994184813     
         878   118.09294034999718     
         879   118.04362764279652     
         880   117.99461992135257     
         881   117.94591529853250     
         882   117.89751189889114     
         883   117.84940785859858     
         884   117.80160132536801     
         885   117.75409045838413     
         886   117.70687342823204     
         887   117.65994841682632     
         888   117.61331361734098     
         889   117.56696723413943     
         890   117.52090748270520     
         891   117.47513258957285     
         892   117.42964079225936     
         893   117.38443033919624     
         894   117.33949948966159     
         895   117.29484651371294     
         896   117.25046969212028     
         897   117.20636731629973     
         898   117.16253768824745     
         899   117.11897912047399     
         900   117.07568993593918     
         901   117.03266846798709     
         902   116.98991306028196     
         903   116.94742206674390     
         904   116.90519385148536     
         905   116.86322678874805     
         906   116.82151926283994     
         907   116.78006966807293     
         908   116.73887640870085     
         909   116.69793789885762     
         910   116.65725256249628     
         911   116.61681883332780     
         912   116.57663515476075     
         913   116.53669997984112     
         914   116.49701177119248     
         915   116.45756900095682     
         916   116.41837015073523     
         917   116.37941371152944     
         918   116.34069818368351     
         919   116.30222207682594     
         920   116.26398390981186     
         921   116.22598221066626     
         922   116.18821551652672     
         923   116.15068237358712     
         924   116.11338133704146     
         925   116.07631097102812     
         926   116.03946984857423     
         927   116.00285655154087     
         928   115.96646967056797     
         929   115.93030780501998     
         930   115.89436956293206     
         931   115.85865356095600     
         932   115.82315842430690     
         933   115.78788278671006     
         934   115.75282529034853     
         935   115.71798458581020     
         936   115.68335933203592     
         937   115.64894819626792     
         938   115.61474985399808     
         939   115.58076298891680     
         940   115.54698629286247     
         941   115.51341846577078     
         942   115.48005821562431     
         943   115.44690425840305     
         944   115.41395531803470     
         945   115.38121012634531     
         946   115.34866742301035     
         947   115.31632595550630     
         948   115.28418447906189     
         949   115.25224175661053     
         950   115.22049655874207     
         951   115.18894766365582     
         952   115.15759385711306     
         953   115.12643393239041     
         954   115.09546669023298     
         955   115.06469093880841     
         956   115.03410549366070     
         957   115.00370917766453     
         958   114.97350082097975     
         959   114.94347926100647     
         960   114.91364334233998     
         961   114.88399191672619     
         962   114.85452384301747     
         963   114.82523798712855     
         964   114.79613322199263     
         965   114.76720842751810     
         966   114.73846249054522     
         967   114.70989430480304     
         968   114.68150277086714     
         969   114.65328679611672     
         970   114.62524529469272     
         971   114.59737718745595     
         972   114.56968140194522     
         973   114.54215687233632     
         974   114.51480253940065     
         975   114.48761735046445     
         976   114.46060025936805     
         977   114.43375022642590     
         978   114.40706621838591     
         979   114.38054720839014     
         980   114.35419217593481     
         981   114.32800010683115     
         982   114.30196999316615     
         983   114.27610083326377     
         984   114.25039163164631     
         985   114.22484139899593     
         986   114.19944915211666     
         987   114.17421391389624     
         988   114.14913471326868     
         989   114.12421058517673     
         990   114.09944057053450     
         991   114.07482371619072     
         992   114.05035907489193     
         993   114.02604570524571     
         994   114.00188267168484     
         995   113.97786904443072     
         996   113.95400389945787     
         997   113.93028631845819     
         998   113.90671538880544     
         999   113.88329020352025     
        1000   113.86000986123510     
        1001   113.83687346615936     
        1002   113.81388012804510     
        1003   113.79102896215242     
        1004   113.76831908921562     
        1005   113.74574963540917     
        1006   113.72331973231393     
        1007   113.70102851688384     
        1008   113.67887513141260     
        1009   113.65685872350059     
        1010   113.63497844602198     
        1011   113.61323345709206     
        1012   113.59162292003488     
        1013   113.57014600335096     
        1014   113.54880188068515     
        1015   113.52758973079484     
        1016   113.50650873751847     
        1017   113.48555808974363     
        1018   113.46473698137626     
        1019   113.44404461130939     
        1020   113.42348018339223     
        1021   113.40304290639942     
        1022   113.38273199400081     
        1023   113.36254666473089     
        1024   113.34248614195862     
        1025   113.32254965385788     
        1026   113.30273643337726     
        1027   113.28304571821083     
        1028   113.26347675076858     
        1029   113.24402877814731     
        1030   113.22470105210166     
        1031   113.20549282901491     
        1032   113.18640336987102     
        1033   113.16743194022548     
        1034   113.14857781017722     
        1035   113.12984025434083     
        1036   113.11121855181796     
        1037   113.09271198617016     
        1038   113.07431984539080     
        1039   113.05604142187798     
        1040   113.03787601240704     
        1041   113.01982291810354     
        1042   113.00188144441637     
        1043   112.98405090109088     
        1044   112.96633060214246     
        1045   112.94871986582984     
        1046   112.93121801462915     
        1047   112.91382437520754     
        1048   112.89653827839732     
        1049   112.87935905917024     
        1050   112.86228605661192     
        1051   112.84531861389617     
        1052   112.82845607825979     
        1053   112.81169780097747     
        1054   112.79504313733683     
        1055   112.77849144661346     
        1056   112.76204209204622     
        1057   112.74569444081293     
        1058   112.72944786400571     
        1059   112.71330173660694     
        1060   112.69725543746515     
        1061   112.68130834927095     
        1062   112.66545985853341     
        1063   112.64970935555654     
        1064   112.63405623441538     
        1065   112.61849989293310     
        1066   112.60303973265749     
        1067   112.58767515883822     
        1068   112.57240558040353     
        1069   112.55723040993793     
        1070   112.54214906365908     
        1071   112.52716096139572     
        1072   112.51226552656502     
        1073   112.49746218615067     
        1074   112.48275037068048     
        1075   112.46812951420466     
        1076   112.45359905427402     
        1077   112.43915843191812     
        1078   112.42480709162402     
        1079   112.41054448131456     
        1080   112.39637005232751     
        1081   112.38228325939400     
        1082   112.36828356061780     
        1083   112.35437041745433     
        1084   112.34054329469004     
        1085   112.32680166042161     
        1086   112.31314498603565     
        1087   112.29957274618819     
        1088   112.28608441878453     
        1089   112.27267948495921     
        1090   112.25935742905585     
        1091   112.24611773860737     
        1092   112.23295990431626     
        1093   112.21988342003507     
        1094   112.20688778274670     
        1095   112.19397249254523     
        1096   112.18113705261652     
        1097   112.16838096921916     
        1098   112.15570375166548     
        1099   112.14310491230256     
        1100   112.13058396649357     
        1101   112.11814043259895     
        1102   112.10577383195806     
        1103   112.09348368887055     
        1104   112.08126953057823     
        1105   112.06913088724667     
        1106   112.05706729194732     
        1107   112.04507828063932     
        1108   112.03316339215175     
        1109   112.02132216816601     
        1110   112.00955415319774     
        1111   111.99785889457984     
        1112   111.98623594244449     
        1113   111.97468484970634     
        1114   111.96320517204489     
        1115   111.95179646788772     
        1116   111.94045829839308     
        1117   111.92919022743342     
        1118   111.91799182157834     
        1119   111.90686265007791     
        1120   111.89580228484624     
        1121   111.88481030044487     
        1122   111.87388627406636     
        1123   111.86302978551817     
        1124   111.85224041720637     
        1125   111.84151775411947     
        1126   111.83086138381267     
        1127   111.82027089639182     
        1128   111.80974588449769     
        1129   111.79928594329020     
        1130   111.78889067043312     
        1131   111.77855966607808     
        1132   111.76829253284969     
        1133   111.75808887582994     
        1134   111.74794830254311     
        1135   111.73787042294059     
        1136   111.72785484938593     
        1137   111.71790119663989     
        1138   111.70800908184556     
        1139   111.69817812451372     
        1140   111.68840794650821     
        1141   111.67869817203112     
        1142   111.66904842760870     
        1143   111.65945834207669     
        1144   111.64992754656615     
        1145   111.64045567448932     
        1146   111.63104236152526     
        1147   111.62168724560618     
        1148   111.61238996690327     
        1149   111.60315016781286     
        1150   111.59396749294272     
        1151   111.58484158909840     
        1152   111.57577210526956     
        1153   111.56675869261642     
        1154   111.55780100445648     
        1155   111.54889869625110     
        1156   111.54005142559231     
        1157   111.53125885218930     
        1158   111.52252063785585     
        1159   111.51383644649688     
        1160   111.50520594409579     
        1161   111.49662879870138     
        1162   111.48810468041522     
        1163   111.47963326137888     
        1164   111.47121421576151     
        1165   111.46284721974689     
        1166   111.45453195152139     
        1167   111.44626809126133     
        1168   111.43805532112067     
        1169   111.42989332521904     
        1170   111.42178178962926     
        1171   111.41372040236531     
        1172   111.40570885337065     
        1173   111.39774683450578     
        1174   111.38983403953681     
        1175   111.38197016412340     
        1176   111.37415490580720     
        1177   111.36638796400017     
        1178   111.35866903997295     
        1179   111.35099783684345     
        1180   111.34337405956539     
        1181   111.33579741491690     
        1182   111.32826761148937     
        1183   111.32078435967604     
        1184   111.31334737166095     
        1185   111.30595636140795     
        1186   111.29861104464965     
        1187   111.29131113887624     
        1188   111.28405636332505     
        1189   111.27684643896927     
        1190   111.26968108850775     
        1191   111.26256003635383     
        1192   111.25548300862494     
        1193   111.24844973313211     
        1194   111.24145993936948     
        1195   111.23451335850382     
        1196   111.22760972336420     
        1197   111.22074876843175     
        1198   111.21393022982934     
        1199   111.20715384531162     
        1200   111.20041935425479     
        1201   111.19372649764652     
        1202   111.18707501807611     
        1203   111.18046465972454     
        1204   111.17389516835459     
        1205   111.16736629130106     
        1206   111.16087777746108     
        1207   111.15442937728459     
        1208   111.14802084276427     
        1209   111.14165192742657     
        1210   111.13532238632189     
        1211   111.12903197601523     
        1212   111.12278045457683     
        1213   111.11656758157280     
        1214   111.11039311805594     
        1215   111.10425682655659     
        1216   111.09815847107335     
        1217   111.09209781706414     
        1218   111.08607463143710     
        1219   111.08008868254151     
        1220   111.07413974015932     
        1221   111.06822757549554     
        1222   111.06235196117026     
        1223   111.05651267120921     
        1224   111.05070948103553     
        1225   111.04494216746093     
        1226   111.03921050867712     
        1227   111.03351428424729     
        1228   111.02785327509763     
        1229   111.02222726350890     
        1230   111.01663603310810     
        1231   111.01107936885990     
        1232   111.00555705705887     
        1233   111.00006888532069     
        1234   110.99461464257435     
        1235   110.98919411905392     
        1236   110.98380710629047     
        1237   110.97845339710398     
        1238   110.97313278559552     
        1239   110.96784506713924     
        1240   110.96259003837446     
        1241   110.95736749719794     
        1242   110.95217724275609     
        1243   110.94701907543710     
        1244   110.94189279686344     
        1245   110.93679820988417     
        1246   110.93173511856729     
        1247   110.92670332819230     
        1248   110.92170264524260     
        1249   110.91673287739819     
        1250   110.91179383352809     
        1251   110.90688532368313     
        1252   110.90200715908861     
        1253   110.89715915213699     
        1254   110.89234111638072     
        1255   110.88755286652501     
        1256   110.88279421842081     
        1257   110.87806498905762     
        1258   110.87336499655640     
        1259   110.86869406016282     
        1260   110.86405200023998     
        1261   110.85943863826179     
        1262   110.85485379680595     
        1263   110.85029729954711     
        1264   110.84576897125005     
        1265   110.84126863776318     
        1266   110.83679612601156     
        1267   110.83235126399033     
        1268   110.82793388075824     
        1269   110.82354380643086     
        1270   110.81918087217412     
        1271   110.81484491019778     
        1272   110.81053575374916     
        1273   110.80625323710659     
        1274   110.80199719557285     
        1275   110.79776746546915     
        1276   110.79356388412869     
        1277   110.78938628989049     
        1278   110.78523452209288     
        1279   110.78110842106764     
        1280   110.77700782813385     
        1281   110.77293258559152     
        1282   110.76888253671575     
        1283   110.76485752575068     
        1284   110.76085739790344     
        1285   110.75688199933818     
        1286   110.75293117717010     
        1287   110.74900477945987     
        1288   110.74510265520735     
        1289   110.74122465434615     
        1290   110.73737062773763     
        1291   110.73354042716520     
        1292   110.72973390532873     
        1293   110.72595091583879     
        1294   110.72219131321100     
        1295   110.71845495286050     
        1296   110.71474169109635     
        1297   110.71105138511606     
        1298   110.70738389299989     
        1299   110.70373907370578     
        1300   110.70011678706352     
        1301   110.69651689376960     
        1302   110.69293925538166     
        1303   110.68938373431345     
        1304   110.68585019382937     
        1305   110.68233849803909     
        1306   110.67884851189244     
        1307   110.67538010117435     
        1308   110.67193313249952     
        1309   110.66850747330720     
        1310   110.66510299185639     
        1311   110.66171955722051     
        1312   110.65835703928241     
        1313   110.65501530872950     
        1314   110.65169423704863     
        1315   110.64839369652123     
        1316   110.64511356021828     
        1317   110.64185370199563     
        1318   110.63861399648900     
        1319   110.63539431910911     
        1320   110.63219454603703     
        1321   110.62901455421937     
        1322   110.62585422136354     
        1323   110.62271342593291     
        1324   110.61959204714243     
        1325   110.61648996495371     
        1326   110.61340706007054     
        1327   110.61034321393423     
        1328   110.60729830871914     
        1329   110.60427222732801     
        1330   110.60126485338769     
        1331   110.59827607124443     
        1332   110.59530576595941     
        1333   110.59235382330462     
        1334   110.58942012975812     
        1335   110.58650457249993     
        1336   110.58360703940753     
        1337   110.58072741905160     
        1338   110.57786560069171     
        1339   110.57502147427211     
        1340   110.57219493041754     
        1341   110.56938586042880     
        1342   110.56659415627888     
        1343   110.56381971060857     
        1344   110.56106241672248     
        1345   110.55832216858472     
        1346   110.55559886081508     
        1347   110.55289238868484     
        1348   110.55020264811276     
        1349   110.54752953566108     
        1350   110.54487294853155     
        1351   110.54223278456146     
        1352   110.53960894221974     
        1353   110.53700132060298     
        1354   110.53440981943164     
        1355   110.53183433904617     
        1356   110.52927478040314     
        1357   110.52673104507143     
        1358   110.52420303522852     
        1359   110.52169065365662     
        1360   110.51919380373900     
        1361   110.51671238945634     
        1362   110.51424631538276     
        1363   110.51179548668254     
        1364   110.50935980910619     
        1365   110.50693918898688     
        1366   110.50453353323687     
        1367   110.50214274934412     
        1368   110.49976674536823     
        1369   110.49740542993750     
        1370   110.49505871224487     
        1371   110.49272650204486     
        1372   110.49040870964988     
        1373   110.48810524592685     
        1374   110.48581602229365     
        1375   110.48354095071592     
        1376   110.48127994370353     
        1377   110.47903291430718     
        1378   110.47679977611530     
        1379   110.47458044325030     
        1380   110.47237483036572     
        1381   110.47018285264265     
        1382   110.46800442578660     
        1383   110.46583946602421     
        1384   110.46368789010002     
        1385   110.46154961527331     
        1386   110.45942455931491     
        1387   110.45731264050397     
        1388   110.45521377762493     
        1389   110.45312788996421     
        1390   110.45105489730736     
        1391   110.44899471993585     
        1392   110.44694727862391     
        1393   110.44491249463557     
        1394   110.44289028972173     
        1395   110.44088058611700     
        1396   110.43888330653668     
        1397   110.43689837417404     
        1398   110.43492571269694     
        1399   110.43296524624556     
        1400   110.43101689942864     
        1401   110.42908059732119     
        1402   110.42715626546159     
        1403   110.42524382984827     
        1404   110.42334321693731     
        1405   110.42145435363949     
        1406   110.41957716731741     
        1407   110.41771158578274     
        1408   110.41585753729341     
        1409   110.41401495055094     
        1410   110.41218375469762     
        1411   110.41036387931376     
        1412   110.40855525441506     
        1413   110.40675781044990     
        1414   110.40497147829667     
        1415   110.40319618926097     
        1416   110.40143187507324     
        1417   110.39967846788589     
        1418   110.39793590027078     
        1419   110.39620410521664     
        1420   110.39448301612653     
        1421   110.39277256681517     
        1422   110.39107269150652     
        1423   110.38938332483110     
        1424   110.38770440182365     
        1425   110.38603585792049     
        1426   110.38437762895705     
        1427   110.38272965116552     
        1428   110.38109186117238     
        1429   110.37946419599569     
        1430   110.37784659304310     
        1431   110.37623899010902     
        1432   110.37464132537261     
        1433   110.37305353739514     
        1434   110.37147556511768     
        1435   110.36990734785887     
        1436   110.36834882531237     
        1437   110.36679993754483     
        1438   110.36526062499328     
        1439   110.36373082846299     
        1440   110.36221048912537     
        1441   110.36069954851521     
        1442   110.35919794852913     
        1443   110.35770563142253     
        1444   110.35622253980823     
        1445   110.35474861665342     
        1446   110.35328380527818     
        1447   110.35182804935289     
        1448   110.35038129289617     
        1449   110.34894348027278     
        1450   110.34751455619127     
        1451   110.34609446570222     
        1452   110.34468315419579     
        1453   110.34328056739984     
        1454   110.34188665137765     
        1455   110.34050135252599     
        1456   110.33912461757302     
        1457   110.33775639357629     
        1458   110.33639662792056     
        1459   110.33504526831594     
        1460   110.33370226279568     
        1461   110.33236755971450     
        1462   110.33104110774626     
        1463   110.32972285588215     
        1464   110.32841275342871     
        1465   110.32711075000591     
        1466   110.32581679554514     
        1467   110.32453084028738     
        1468   110.32325283478110     
        1469   110.32198272988062     
        1470   110.32072047674401     
        1471   110.31946602683136     
        1472   110.31821933190281     
        1473   110.31698034401663     
        1474   110.31574901552769     
        1475   110.31452529908520     
        1476   110.31330914763123     
        1477   110.31210051439865     
        1478   110.31089935290956     
        1479   110.30970561697345     
        1480   110.30851926068516     
        1481   110.30734023842346     
        1482   110.30616850484917     
        1483   110.30500401490335     
        1484   110.30384672380569     
        1485   110.30269658705258     
        1486   110.30155356041574     
        1487   110.30041759994012     
        1488   110.29928866194255     
        1489   110.29816670300983     
        1490   110.29705167999713     
        1491   110.29594355002645     
        1492   110.29484227048484     
        1493   110.29374779902268     
        1494   110.29266009355226     
        1495   110.29157911224607     
        1496   110.29050481353518     
        1497   110.28943715610752     
        1498   110.28837609890662     
        1499   110.28732160112968     
        1500   110.28627362222622     
        1501   110.28523212189637     
        1502   110.28419706008950     
        1503   110.28316839700247     
        1504   110.28214609307834     
        1505   110.28113010900461     
        1506   110.28012040571184     
        1507   110.27911694437209     
        1508   110.27811968639762     
        1509   110.27712859343902     
        1510   110.27614362738403     
        1511   110.27516475035613     
        1512   110.27419192471284     
        1513   110.27322511304438     
        1514   110.27226427817229     
        1515   110.27130938314789     
        1516   110.27036039125109     
        1517   110.26941726598857     
        1518   110.26847997109280     
        1519   110.26754847052028     
        1520   110.26662272845063     
        1521   110.26570270928457     
        1522   110.26478837764314     
        1523   110.26387969836600     
        1524   110.26297663651016     
        1525   110.26207915734875     
        1526   110.26118722636947     
        1527   110.26030080927339     
        1528   110.25941987197371     
        1529   110.25854438059430     
        1530   110.25767430146833     
        1531   110.25680960113745     
        1532   110.25595024634974     
        1533   110.25509620405914     
        1534   110.25424744142379     
        1535   110.25340392580478     
        1536   110.25256562476508     
        1537   110.25173250606821     
        1538   110.25090453767683     
        1539   110.25008168775184     
        1540   110.24926392465085     
        1541   110.24845121692708     
        1542   110.24764353332827     
        1543   110.24684084279522     
        1544   110.24604311446093     
        1545   110.24525031764898     
        1546   110.24446242187275     
        1547   110.24367939683411     
        1548   110.24290121242213     
        1549   110.24212783871214     
        1550   110.24135924596435     
        1551   110.24059540462291     
        1552   110.23983628531464     
        1553   110.23908185884798     
        1554   110.23833209621181     
        1555   110.23758696857438     
        1556   110.23684644728218     
        1557   110.23611050385874     
        1558   110.23537911000388     
        1559   110.23465223759210     
        1560   110.23392985867193     
        1561   110.23321194546457     
        1562   110.23249847036318     
        1563   110.23178940593132     
        1564   110.23108472490229     
        1565   110.23038440017810     
        1566   110.22968840482793     
        1567   110.22899671208778     
        1568   110.22830929535894     
        1569   110.22762612820715     
        1570   110.22694718436161     
        1571   110.22627243771387     
        1572   110.22560186231696     
        1573   110.22493543238429     
        1574   110.22427312228861     
        1575   110.22361490656121     
        1576   110.22296075989077     
        1577   110.22231065712243     
        1578   110.22166457325690     
        1579   110.22102248344935     
        1580   110.22038436300862     
        1581   110.21975018739614     
        1582   110.21911993222511     
        1583   110.21849357325938     
        1584   110.21787108641269     
        1585   110.21725244774773     
        1586   110.21663763347512     
        1587   110.21602661995250     
        1588   110.21541938368374     
        1589   110.21481590131796     
        1590   110.21421614964865     
        1591   110.21362010561261     
        1592   110.21302774628947     
        1593   110.21243904890029     
        1594   110.21185399080724     
        1595   110.21127254951226     
        1596   110.21069470265627     
        1597   110.21012042801858     
        1598   110.20954970351586     
        1599   110.20898250720134     
        1600   110.20841881726379     
        1601   110.20785861202680     
        1602   110.20730186994814     
        1603   110.20674856961867     
        1604   110.20619868976158     
        1605   110.20565220923159     
        1606   110.20510910701411     
        1607   110.20456936222459     
        1608   110.20403295410745     
        1609   110.20349986203554     
        1610   110.20297006550908     
        1611   110.20244354415523     
        1612   110.20192027772688     
        1613   110.20140024610220     
        1614   110.20088342928372     
        1615   110.20036980739772     
        1616   110.19985936069307     
        1617   110.19935206954096     
        1618   110.19884791443395     
        1619   110.19834687598494     
        1620   110.19784893492704     
        1621   110.19735407211213     
        1622   110.19686226851074     
        1623   110.19637350521083     
        1624   110.19588776341742     
        1625   110.19540502445160     
        1626   110.19492526975004     
        1627   110.19444848086407     
        1628   110.19397463945923     
        1629   110.19350372731417     
        1630   110.19303572632035     
        1631   110.19257061848123     
        1632   110.19210838591131     
        1633   110.19164901083586     
        1634   110.19119247558990     
        1635   110.19073876261777     
        1636   110.19028785447222     
        1637   110.18983973381400     
        1638   110.18939438341089     
        1639   110.18895178613730     
        1640   110.18851192497348     
        1641   110.18807478300498     
        1642   110.18764034342175     
        1643   110.18720858951779     
        1644   110.18677950469035     
        1645   110.18635307243927     
        1646   110.18592927636648     
        1647   110.18550810017520     
        1648   110.18508952766940     
        1649   110.18467354275327     
        1650   110.18426012943044     
        1651   110.18384927180340     
        1652   110.18344095407288     
        1653   110.18303516053743     
        1654   110.18263187559255     
        1655   110.18223108373029     
        1656   110.18183276953845     
        1657   110.18143691770022     
        1658   110.18104351299341     
        1659   110.18065254029000     
        1660   110.18026398455542     
        1661   110.17987783084807     
        1662   110.17949406431876     
        1663   110.17911267021005     
        1664   110.17873363385569     
        1665   110.17835694068023     
        1666   110.17798257619813     
        1667   110.17761052601371     
        1668   110.17724077581988     
        1669   110.17687331139831     
        1670   110.17650811861840     
        1671   110.17614518343709     
        1672   110.17578449189787     
        1673   110.17542603013072     
        1674   110.17506978435131     
        1675   110.17471574086048     
        1676   110.17436388604375     
        1677   110.17401420637090     
        1678   110.17366668839524     
        1679   110.17332131875337     
        1680   110.17297808416426     
        1681   110.17263697142918     
        1682   110.17229796743098     
        1683   110.17196105913342     
        1684   110.17162623358115     
        1685   110.17129347789859     
        1686   110.17096277928997     
        1687   110.17063412503859     
        1688   110.17030750250629     
        1689   110.16998289913313     
        1690   110.16966030243670     
        1691   110.16933970001190     
        1692   110.16902107953025     
        1693   110.16870442873945     
        1694   110.16838973546284     
        1695   110.16807698759939     
        1696   110.16776617312252     
        1697   110.16745728008017     
        1698   110.16715029659413     
        1699   110.16684521085963     
        1700   110.16654201114486     
        1701   110.16624068579060     
        1702   110.16594122320951     
        1703   110.16564361188618     
        1704   110.16534784037613     
        1705   110.16505389730575     
        1706   110.16476177137181     
        1707   110.16447145134077     
        1708   110.16418292604862     
        1709   110.16389618440044     
        1710   110.16361121536987     
        1711   110.16332800799860     
        1712   110.16304655139619     
        1713   110.16276683473949     
        1714   110.16248884727223     
        1715   110.16221257830469     
        1716   110.16193801721313     
        1717   110.16166515343964     
        1718   110.16139397649144     
        1719   110.16112447594070     
        1720   110.16085664142399     
        1721   110.16059046264201     
        1722   110.16032592935906     
        1723   110.16006303140280     
        1724   110.15980175866370     
        1725   110.15954210109479     
        1726   110.15928404871114     
        1727   110.15902759158971     
        1728   110.15877271986847     
        1729   110.15851942374674     
        1730   110.15826769348419     
        1731   110.15801751940076     
        1732   110.15776889187622     
        1733   110.15752180134986     
        1734   110.15727623832009     
        1735   110.15703219334392     
        1736   110.15678965703692     
        1737   110.15654862007256     
        1738   110.15630907318199     
        1739   110.15607100715360     
        1740   110.15583441283286     
        1741   110.15559928112172     
        1742   110.15536560297845     
        1743   110.15513336941714     
        1744   110.15490257150749     
        1745   110.15467320037440     
        1746   110.15444524719763     
        1747   110.15421870321138     
        1748   110.15399355970418     
        1749   110.15376980801840     
        1750   110.15354743954977     
        1751   110.15332644574740     
        1752   110.15310681811317     
        1753   110.15288854820152     
        1754   110.15267162761907     
        1755   110.15245604802435     
        1756   110.15224180112750     
        1757   110.15202887868980     
        1758   110.15181727252359     
        1759   110.15160697449167     
        1760   110.15139797650734     
        1761   110.15119027053366     
        1762   110.15098384858365     
        1763   110.15077870271942     
        1764   110.15057482505239     
        1765   110.15037220774256     
        1766   110.15017084299858     
        1767   110.14997072307699     
        1768   110.14977184028255     
        1769   110.14957418696737     
        1770   110.14937775553081     
        1771   110.14918253841941     
        1772   110.14898852812620     
        1773   110.14879571719078     
        1774   110.14860409819873     
        1775   110.14841366378154     
        1776   110.14822440661627     
        1777   110.14803631942515     
        1778   110.14784939497559     
        1779   110.14766362607953     
        1780   110.14747900559341     
        1781   110.14729552641785     
        1782   110.14711318149732     
        1783   110.14693196381992     
        1784   110.14675186641716     
        1785   110.14657288236354     
        1786   110.14639500477641     
        1787   110.14621822681569     
        1788   110.14604254168346     
        1789   110.14586794262404     
        1790   110.14569442292331     
        1791   110.14552197590886     
        1792   110.14535059494928     
        1793   110.14518027345439     
        1794   110.14501100487459     
        1795   110.14484278270085     
        1796   110.14467560046432     
        1797   110.14450945173627     
        1798   110.14434433012751     
        1799   110.14418022928851     
        1800   110.14401714290894     
        1801   110.14385506471746     
        1802   110.14369398848153     
        1803   110.14353390800711     
        1804   110.14337481713849     
        1805   110.14321670975799     
        1806   110.14305957978570     
        1807   110.14290342117944     
        1808   110.14274822793421     
        1809   110.14259399408226     
        1810   110.14244071369266     
        1811   110.14228838087116     
        1812   110.14213698975998     
        1813   110.14198653453754     
        1814   110.14183700941818     
        1815   110.14168840865212     
        1816   110.14154072652504     
        1817   110.14139395735805     
        1818   110.14124809550721     
        1819   110.14110313536355     
        1820   110.14095907135282     
        1821   110.14081589793517     
        1822   110.14067360960499     
        1823   110.14053220089077     
        1824   110.14039166635477     
        1825   110.14025200059287     
        1826   110.14011319823435     
        1827   110.13997525394176     
        1828   110.13983816241053     
        1829   110.13970191836901     
        1830   110.13956651657803     
        1831   110.13943195183090     
        1832   110.13929821895303     
        1833   110.13916531280192     
        1834   110.13903322826670     
        1835   110.13890196026827     
        1836   110.13877150375885     
        1837   110.13864185372185     
        1838   110.13851300517173     
        1839   110.13838495315375     
        1840   110.13825769274378     
        1841   110.13813121904820     
        1842   110.13800552720352     
        1843   110.13788061237646     
        1844   110.13775646976357     
        1845   110.13763309459105     
        1846   110.13751048211459     
        1847   110.13738862761927     
        1848   110.13726752641938     
        1849   110.13714717385798     
        1850   110.13702756530719     
        1851   110.13690869616742     
        1852   110.13679056186781     
        1853   110.13667315786553     
        1854   110.13655647964602     
        1855   110.13644052272249     
        1856   110.13632528263599     
        1857   110.13621075495502     
        1858   110.13609693527557     
        1859   110.13598381922083     
        1860   110.13587140244103     
        1861   110.13575968061328     
        1862   110.13564864944151     
        1863   110.13553830465607     
        1864   110.13542864201374     
        1865   110.13531965729763     
        1866   110.13521134631685     
        1867   110.13510370490633     
        1868   110.13499672892695     
        1869   110.13489041426494     
        1870   110.13478475683220     
        1871   110.13467975256570     
        1872   110.13457539742765     
        1873   110.13447168740515     
        1874   110.13436861851021     
        1875   110.13426618677936     
        1876   110.13416438827372     
        1877   110.13406321907874     
        1878   110.13396267530406     
        1879   110.13386275308336     
        1880   110.13376344857426     
        1881   110.13366475795813     
        1882   110.13356667743987     
        1883   110.13346920324797     
        1884   110.13337233163411     
        1885   110.13327605887321     
        1886   110.13318038126322     
        1887   110.13308529512494     
        1888   110.13299079680196     
        1889   110.13289688266040     
        1890   110.13280354908896     
        1891   110.13271079249854     
        1892   110.13261860932225     
        1893   110.13252699601540     
        1894   110.13243594905502     
        1895   110.13234546494003     
        1896   110.13225554019091     
        1897   110.13216617134978     
        1898   110.13207735497998     
        1899   110.13198908766620     
        1900   110.13190136601422     
        1901   110.13181418665084     
        1902   110.13172754622360     
        1903   110.13164144140087     
        1904   110.13155586887157     
        1905   110.13147082534510     
        1906   110.13138630755118     
        1907   110.13130231223987     
        1908   110.13121883618112     
        1909   110.13113587616500     
        1910   110.13105342900134     
        1911   110.13097149151970     
        1912   110.13089006056936     
        1913   110.13080913301883     
        1914   110.13072870575628     
        1915   110.13064877568893     
        1916   110.13056933974308     
        1917   110.13049039486421     
        1918   110.13041193801647     
        1919   110.13033396618300     
        1920   110.13025647636535     
        1921   110.13017946558384     
        1922   110.13010293087710     
        1923   110.13002686930197     
        1924   110.12995127793371     
        1925   110.12987615386547     
        1926   110.12980149420842     
        1927   110.12972729609169     
        1928   110.12965355666195     
        1929   110.12958027308369     
        1930   110.12950744253894     
        1931   110.12943506222693     
        1932   110.12936312936449     
        1933   110.12929164118546     
        1934   110.12922059494085     
        1935   110.12914998789861     
        1936   110.12907981734371     
        1937   110.12901008057777     
        1938   110.12894077491914     
        1939   110.12887189770274     
        1940   110.12880344627996     
        1941   110.12873541801864     
        1942   110.12866781030273     
        1943   110.12860062053252     
        1944   110.12853384612430     
        1945   110.12846748451030     
        1946   110.12840153313873     
        1947   110.12833598947337     
        1948   110.12827085099390     
        1949   110.12820611519548     
        1950   110.12814177958876     
        1951   110.12807784169978     
        1952   110.12801429906989     
        1953   110.12795114925567     
        1954   110.12788838982861     
        1955   110.12782601837553     
        1956   110.12776403249799     
        1957   110.12770242981229     
        1958   110.12764120794965     
        1959   110.12758036455583     
        1960   110.12751989729114     
        1961   110.12745980383040     
        1962   110.12740008186273     
        1963   110.12734072909167     
        1964   110.12728174323487     
        1965   110.12722312202403     
        1966   110.12716486320497     
        1967   110.12710696453742     
        1968   110.12704942379492     
        1969   110.12699223876481     
        1970   110.12693540724813     
        1971   110.12687892705949     
        1972   110.12682279602701     
        1973   110.12676701199220     
        1974   110.12671157280997     
        1975   110.12665647634843     
        1976   110.12660172048896     
        1977   110.12654730312593     
        1978   110.12649322216677     
        1979   110.12643947553197     
        1980   110.12638606115466     
        1981   110.12633297698086     
        1982   110.12628022096931     
        1983   110.12622779109131     
        1984   110.12617568533075     
        1985   110.12612390168395     
