 #SOBRE-RELAXACIO: 
           1   15.000008560310281     
           2   15.000039748099967     
           3   15.000111144696973     
           4   15.000241818237678     
           5   15.000450727871673     
           6   15.000755596751423     
           7   15.001172196413584     
           8   15.001713954782408     
           9   15.002391801275657     
          10   15.003214175752261     
          11   15.004187144038365     
          12   15.005314577494914     
          13   15.006598366282875     
          14   15.008038645458264     
          15   15.009634020098678     
          16   15.011381780783486     
          17   15.013278104359369     
          18   15.015318237405452     
          19   15.017496661471656     
          20   15.019807240235899     
          21   15.022243349385018     
          22   15.024797990399962     
          23   15.027463889609709     
          24   15.030233583937015     
          25   15.033099494737478     
          26   15.036053991064200     
          27   15.039089443594062     
          28   15.042198270343663     
          29   15.045372975191450     
          30   15.048606180114270     
          31   15.051890651944312     
          32   15.055219324357916     
          33   15.058585315722395     
          34   15.061981943350107     
          35   15.065402734640783     
          36   15.068841435532907     
          37   15.072292016631636     
          38   15.075748892821053     
          39   15.079207109750470     
          40   15.082662533549250     
          41   15.086111996597580     
          42   15.089553370032341     
          43   15.092985579470771     
          44   15.096408568906410     
          45   15.099823224057829     
          46   15.103231268603865     
          47   15.106635143736529     
          48   15.110037880563496     
          49   15.113442972474235     
          50   15.116854252783865     
          51   15.120275781262865     
          52   15.123711741782907     
          53   15.127166352234548     
          54   15.130643787054575     
          55   15.134148112120160     
          56   15.137683231365857     
          57   15.141252844228021     
          58   15.144860412878989     
          59   15.148509138154106     
          60   15.152201943073818     
          61   15.155941462902611     
          62   15.159730040751695     
          63   15.163569727813311     
          64   15.167462287402694     
          65   15.171409202074036     
          66   15.175411683165221     
          67   15.179470682210214     
          68   15.183586903736066     
          69   15.187760819033130     
          70   15.191992680551209     
          71   15.196282536631914     
          72   15.200630246337996     
          73   15.205035494184553     
          74   15.209497804615408     
          75   15.214016556100930     
          76   15.218590990454633     
          77   15.223220227252860     
          78   15.227903273813533     
          79   15.232639036272559     
          80   15.237426329552738     
          81   15.242263886993957     
          82   15.247150369410241     
          83   15.252084373685943     
          84   15.257064440887230     
          85   15.262089063919825     
          86   15.267156694738800     
          87   15.272265751126483     
          88   15.277414623049649     
          89   15.282601678609087     
          90   15.287825269593982     
          91   15.293083736654225     
          92   15.298375414103656     
          93   15.303698634367876     
          94   15.309051732090321     
          95   15.314433047910549     
          96   15.319840931928972     
          97   15.325273746872167     
          98   15.330729870973171     
          99   15.336207700580884     
         100   15.341705652512845     
         101   15.347222166165244     
         102   15.352755705393959     
         103   15.358304760180104     
         104   15.363867848093202     
         105   15.369443515564651     
         106   15.375030338984068     
         107   15.380626925630207     
         108   15.386231914448038     
         109   15.391843976683100     
         110   15.397461816383462     
         111   15.403084170779564     
         112   15.408709810551359     
         113   15.414337539991998     
         114   15.419966197076535     
         115   15.425594653443953     
         116   15.431221814300113     
         117   15.436846618248897     
         118   15.442468037058401     
         119   15.448085075368509     
         120   15.453696770345930     
         121   15.459302191292181     
         122   15.464900439209879     
         123   15.470490646332097     
         124   15.476071975619401     
         125   15.481643620228720     
         126   15.487204802957960     
         127   15.492754775670029     
         128   15.498292818699513     
         129   15.503818240245122     
         130   15.509330375750737     
         131   15.514828587277648     
         132   15.520312262870341     
         133   15.525780815917999     
         134   15.531233684513765     
         135   15.536670330813484     
         136   15.542090240395579     
         137   15.547492921623569     
         138   15.552877905012547     
         139   15.558244742600792     
         140   15.563593007327585     
         141   15.568922292418225     
         142   15.574232210777039     
         143   15.579522394389125     
         144   15.584792493731536     
         145   15.590042177194389     
         146   15.595271130512451     
         147   15.600479056207542     
         148   15.605665673042195     
         149   15.610830715484761     
         150   15.615973933186217     
         151   15.621095090468877     
         152   15.626193965827099     
         153   15.631270351440101     
         154   15.636324052696860     
         155   15.641354887733256     
         156   15.646362686981233     
         157   15.651347292730106     
         158   15.656308558699852     
         159   15.661246349626257     
         160   15.666160540857911     
         161   15.671051017964770     
         162   15.675917676358255     
         163   15.680760420922635     
         164   15.685579165657574     
         165   15.690373833331567     
         166   15.695144355146175     
         167   15.699890670410770     
         168   15.704612726227595     
         169   15.709310477186900     
         170   15.713983885072038     
         171   15.718632918574061     
         172   15.723257553015891     
         173   15.727857770085583     
         174   15.732433557578542     
         175   15.736984909148509     
         176   15.741511824067020     
         177   15.746014306991118     
         178   15.750492367739087     
         179   15.754946021074053     
         180   15.759375286495109     
         181   15.763780188035803     
         182   15.768160754069847     
         183   15.772517017123658     
         184   15.776849013695701     
         185   15.781156784082286     
         186   15.785440372209727     
         187   15.789699825472571     
         188   15.793935194577777     
         189   15.798146533394574     
         190   15.802333898809936     
         191   15.806497350589334     
         192   15.810636951242687     
         193   15.814752765895408     
         194   15.818844862164122     
         195   15.822913310037235     
         196   15.826958181759856     
         197   15.830979551723233     
         198   15.834977496358256     
         199   15.838952094033127     
         200   15.842903424954887     
         201   15.846831571074738     
         202   15.850736615997050     
         203   15.854618644891795     
         204   15.858477744410468     
         205   15.862314002605240     
         206   15.866127508851207     
         207   15.869918353771773     
         208   15.873686629166889     
         209   15.877432427944116     
         210   15.881155844052431     
         211   15.884856972418618     
         212   15.888535908886192     
         213   15.892192750156743     
         214   15.895827593733594     
         215   15.899440537867740     
         216   15.903031681505924     
         217   15.906601124240796     
         218   15.910148966263066     
         219   15.913675308315604     
         220   15.917180251649398     
         221   15.920663897981232     
         222   15.924126349453148     
         223   15.927567708593557     
         224   15.930988078279858     
         225   15.934387561702675     
         226   15.937766262331508     
         227   15.941124283881786     
         228   15.944461730283342     
         229   15.947778705650087     
         230   15.951075314251041     
         231   15.954351660482487     
         232   15.957607848841347     
         233   15.960843983899613     
         234   15.964060170279891     
         235   15.967256512631957     
         236   15.970433115610284     
         237   15.973590083852542     
         238   15.976727521959020     
         239   15.979845534472881     
         240   15.982944225861294     
         241   15.986023700497354     
         242   15.989084062642837     
         243   15.992125416431586     
         244   15.995147865853728     
         245   15.998151514740551     
         246   16.001136466749983     
         247   16.004102825352799     
         248   16.007050693819370     
         249   16.009980175207023     
         250   16.012891372347983     
         251   16.015784387837833     
         252   16.018659324024490     
         253   16.021516282997720     
         254   16.024355366579083     
         255   16.027176676312394     
         256   16.029980313454555     
         257   16.032766378966912     
         258   16.035534973506902     
         259   16.038286197420227     
         260   16.041020150733278     
         261   16.043736933146015     
         262   16.046436644025160     
         263   16.049119382397716     
         264   16.051785246944828     
         265   16.054434335995925     
         266   16.057066747523216     
         267   16.059682579136389     
         268   16.062281928077677     
         269   16.064864891217123     
         270   16.067431565048103     
         271   16.069982045683126     
         272   16.072516428849820     
         273   16.075034809887228     
         274   16.077537283742206     
         275   16.080023944966126     
         276   16.082494887711704     
         277   16.084950205730088     
         278   16.087389992368085     
         279   16.089814340565596     
         280   16.092223342853153     
         281   16.094617091349750     
         282   16.096995677760678     
         283   16.099359193375630     
         284   16.101707729066899     
         285   16.104041375287714     
         286   16.106360222070744     
         287   16.108664359026701     
         288   16.110953875343043     
         289   16.113228859782890     
         290   16.115489400683934     
         291   16.117735585957572     
         292   16.119967503088063     
         293   16.122185239131831     
         294   16.124388880716847     
         295   16.126578514042112     
         296   16.128754224877234     
         297   16.130916098562107     
         298   16.133064220006620     
         299   16.135198673690521     
         300   16.137319543663313     
         301   16.139426913544213     
         302   16.141520866522239     
         303   16.143601485356307     
         304   16.145668852375437     
         305   16.147723049478994     
         306   16.149764158136996     
         307   16.151792259390522     
         308   16.153807433852101     
         309   16.155809761706241     
         310   16.157799322709927     
         311   16.159776196193246     
         312   16.161740461060010     
         313   16.163692195788428     
         314   16.165631478431887     
         315   16.167558386619653     
         316   16.169472997557794     
         317   16.171375388029894     
         318   16.173265634398092     
         319   16.175143812603917     
         320   16.177009998169311     
         321   16.178864266197596     
         322   16.180706691374557     
         323   16.182537347969447     
         324   16.184356309836147     
         325   16.186163650414258     
         326   16.187959442730264     
         327   16.189743759398723     
         328   16.191516672623475     
         329   16.193278254198859     
         330   16.195028575510996     
         331   16.196767707539067     
         332   16.198495720856581     
         333   16.200212685632742     
         334   16.201918671633788     
         335   16.203613748224324     
         336   16.205297984368734     
         337   16.206971448632572     
         338   16.208634209183973     
         339   16.210286333795107     
         340   16.211927889843597     
         341   16.213558944313995     
         342   16.215179563799282     
         343   16.216789814502338     
         344   16.218389762237436     
         345   16.219979472431771     
         346   16.221559010127024     
         347   16.223128439980837     
         348   16.224687826268401     
         349   16.226237232884017     
         350   16.227776723342661     
         351   16.229306360781564     
         352   16.230826207961790     
         353   16.232336327269856     
         354   16.233836780719290     
         355   16.235327629952316     
         356   16.236808936241406     
         357   16.238280760490920     
         358   16.239743163238767     
         359   16.241196204657989     
         360   16.242639944558462     
         361   16.244074442388495     
         362   16.245499757236512     
         363   16.246915947832665     
         364   16.248323072550548     
         365   16.249721189408827     
         366   16.251110356072907     
         367   16.252490629856599     
         368   16.253862067723805     
         369   16.255224726290187     
         370   16.256578661824825     
         371   16.257923930251934     
         372   16.259260587152486     
         373   16.260588687765939     
         374   16.261908286991897     
         375   16.263219439391804     
         376   16.264522199190623     
         377   16.265816620278482     
         378   16.267102756212410     
         379   16.268380660218021     
         380   16.269650385191138     
         381   16.270911983699534     
         382   16.272165507984571     
         383   16.273411009962921     
         384   16.274648541228206     
         385   16.275878153052702     
         386   16.277099896389004     
         387   16.278313821871716     
         388   16.279519979819085     
         389   16.280718420234717     
         390   16.281909192809223     
         391   16.283092346921880     
         392   16.284267931642322     
         393   16.285435995732165     
         394   16.286596587646677     
         395   16.287749755536485     
         396   16.288895547249119     
         397   16.290034010330761     
         398   16.291165192027858     
         399   16.292289139288741     
         400   16.293405898765307     
         401   16.294515516814620     
         402   16.295618039500571     
         403   16.296713512595456     
         404   16.297801981581696     
         405   16.298883491653310     
         406   16.299958087717705     
         407   16.301025814397146     
         408   16.302086716030427     
         409   16.303140836674473     
         410   16.304188220105935     
         411   16.305228909822738     
         412   16.306262949045774     
         413   16.307290380720357     
         414   16.308311247517914     
         415   16.309325591837496     
         416   16.310333455807360     
         417   16.311334881286548     
         418   16.312329909866424     
         419   16.313318582872249     
         420   16.314300941364721     
         421   16.315277026141501     
         422   16.316246877738809     
         423   16.317210536432860     
         424   16.318168042241492     
         425   16.319119434925625     
         426   16.320064753990785     
         427   16.321004038688642     
         428   16.321937328018475     
         429   16.322864660728712     
         430   16.323786075318381     
         431   16.324701610038634     
         432   16.325611302894202     
         433   16.326515191644887     
         434   16.327413313807025     
         435   16.328305706654934     
         436   16.329192407222408     
         437   16.330073452304138     
         438   16.330948878457143     
         439   16.331818722002279     
         440   16.332683019025581     
         441   16.333541805379735     
         442   16.334395116685513     
         443   16.335242988333153     
         444   16.336085455483801     
         445   16.336922553070881     
         446   16.337754315801504     
         447   16.338580778157873     
         448   16.339401974398609     
         449   16.340217938560205     
         450   16.341028704458349     
         451   16.341834305689279     
         452   16.342634775631183     
         453   16.343430147445492     
         454   16.344220454078279     
         455   16.345005728261576     
         456   16.345786002514668     
         457   16.346561309145489     
         458   16.347331680251887     
         459   16.348097147722946     
         460   16.348857743240302     
         461   16.349613498279432     
         462   16.350364444110962     
         463   16.351110611801925     
         464   16.351852032217067     
         465   16.352588736020103     
         466   16.353320753674993     
         467   16.354048115447185     
         468   16.354770851404904     
         469   16.355488991420344     
         470   16.356202565170971     
         471   16.356911602140698     
         472   16.357616131621171     
         473   16.358316182712922     
         474   16.359011784326640     
         475   16.359702965184347     
         476   16.360389753820634     
         477   16.361072178583790     
         478   16.361750267637074     
         479   16.362424048959820     
         480   16.363093550348687     
         481   16.363758799418733     
         482   16.364419823604702     
         483   16.365076650162045     
         484   16.365729306168170     
         485   16.366377818523553     
         486   16.367022213952851     
         487   16.367662519006071     
         488   16.368298760059684     
         489   16.368930963317727     
         490   16.369559154812919     
         491   16.370183360407783     
         492   16.370803605795718     
         493   16.371419916502134     
         494   16.372032317885481     
         495   16.372640835138398     
         496   16.373245493288703     
         497   16.373846317200545     
         498   16.374443331575410     
         499   16.375036560953205     
         500   16.375626029713271     
         501   16.376211762075485     
         502   16.376793782101238     
         503   16.377372113694516     
         504   16.377946780602880     
         505   16.378517806418511     
         506   16.379085214579224     
         507   16.379649028369464     
         508   16.380209270921291     
         509   16.380765965215431     
         510   16.381319134082180     
         511   16.381868800202497     
         512   16.382414986108884     
         513   16.382957714186354     
         514   16.383497006673519     
         515   16.384032885663391     
         516   16.384565373104444     
         517   16.385094490801521     
         518   16.385620260416790     
         519   16.386142703470640     
         520   16.386661841342690     
         521   16.387177695272630     
         522   16.387690286361185     
         523   16.388199635571031     
         524   16.388705763727678     
         525   16.389208691520412     
         526   16.389708439503138     
         527   16.390205028095309     
         528   16.390698477582792     
         529   16.391188808118780     
         530   16.391676039724633     
         531   16.392160192290735     
         532   16.392641285577429     
         533   16.393119339215769     
         534   16.393594372708481     
         535   16.394066405430713     
         536   16.394535456630983     
         537   16.395001545431882     
         538   16.395464690831048     
         539   16.395924911701876     
         540   16.396382226794412     
         541   16.396836654736116     
         542   16.397288214032738     
         543   16.397736923069058     
         544   16.398182800109726     
         545   16.398625863300026     
         546   16.399066130666714     
         547   16.399503620118743     
         548   16.399938349448096     
         549   16.400370336330511     
         550   16.400799598326316     
         551   16.401226152881115     
         552   16.401650017326617     
         553   16.402071208881360     
         554   16.402489744651437     
         555   16.402905641631307     
         556   16.403318916704475     
         557   16.403729586644250     
         558   16.404137668114483     
         559   16.404543177670288     
         560   16.404946131758752     
         561   16.405346546719660     
         562   16.405744438786225     
         563   16.406139824085770     
         564   16.406532718640431     
         565   16.406923138367851     
         566   16.407311099081941     
         567   16.407696616493450     
         568   16.408079706210774     
         569   16.408460383740525     
         570   16.408838664488304     
         571   16.409214563759281     
         572   16.409588096758938     
         573   16.409959278593696     
         574   16.410328124271576     
         575   16.410694648702847     
         576   16.411058866700703     
         577   16.411420792981861     
         578   16.411780442167256     
         579   16.412137828782637     
         580   16.412492967259208     
         581   16.412845871934273     
         582   16.413196557051840     
         583   16.413545036763260     
         584   16.413891325127821     
         585   16.414235436113383     
         586   16.414577383596960     
         587   16.414917181365350     
         588   16.415254843115708     
         589   16.415590382456170     
         590   16.415923812906414     
         591   16.416255147898280     
         592   16.416584400776333     
         593   16.416911584798434     
         594   16.417236713136361     
         595   16.417559798876308     
         596   16.417880855019547     
         597   16.418199894482875     
         598   16.418516930099301     
         599   16.418831974618509     
         600   16.419145040707448     
         601   16.419456140950892     
         602   16.419765287851966     
         603   16.420072493832688     
         604   16.420377771234520     
         605   16.420681132318887     
         606   16.420982589267744     
         607   16.421282154184031     
         608   16.421579839092310     
         609   16.421875655939164     
         610   16.422169616593802     
         611   16.422461732848529     
         612   16.422752016419263     
         613   16.423040478946060     
         614   16.423327131993595     
         615   16.423611987051686     
         616   16.423895055535763     
         617   16.424176348787377     
         618   16.424455878074703     
         619   16.424733654592991     
         620   16.425009689465085     
         621   16.425283993741882     
         622   16.425556578402809     
         623   16.425827454356330     
         624   16.426096632440355     
         625   16.426364123422776     
         626   16.426629938001863     
         627   16.426894086806787     
         628   16.427156580398034     
         629   16.427417429267905     
         630   16.427676643840890     
         631   16.427934234474204     
         632   16.428190211458187     
         633   16.428444585016749     
         634   16.428697365307819     
         635   16.428948562423781     
         636   16.429198186391886     
         637   16.429446247174734     
         638   16.429692754670640     
         639   16.429937718714104     
         640   16.430181149076212     
         641   16.430423055465056     
         642   16.430663447526165     
         643   16.430902334842912     
         644   16.431139726936916     
         645   16.431375633268445     
         646   16.431610063236842     
         647   16.431843026180921     
         648   16.432074531379360     
         649   16.432304588051107     
         650   16.432533205355750     
         651   16.432760392393970     
         652   16.432986158207836     
         653   16.433210511781272     
         654   16.433433462040416     
         655   16.433655017853972     
         656   16.433875188033650     
         657   16.434093981334488     
         658   16.434311406455222     
         659   16.434527472038720     
         660   16.434742186672278     
         661   16.434955558888038     
         662   16.435167597163328     
         663   16.435378309921003     
         664   16.435587705529862     
         665   16.435795792304940     
         666   16.436002578507903     
         667   16.436208072347398     
         668   16.436412281979358     
         669   16.436615215507416     
         670   16.436816880983208     
         671   16.437017286406700     
         672   16.437216439726580     
         673   16.437414348840541     
         674   16.437611021595657     
         675   16.437806465788686     
         676   16.438000689166419     
         677   16.438193699426016     
         678   16.438385504215290     
         679   16.438576111133081     
         680   16.438765527729565     
         681   16.438953761506532     
         682   16.439140819917764     
         683   16.439326710369325     
         684   16.439511440219846     
         685   16.439695016780892     
         686   16.439877447317212     
         687   16.440058739047089     
         688   16.440238899142642     
         689   16.440417934730092     
         690   16.440595852890109     
         691   16.440772660658077     
         692   16.440948365024401     
         693   16.441122972934803     
         694   16.441296491290633     
         695   16.441468926949113     
         696   16.441640286723676     
         697   16.441810577384210     
         698   16.441979805657397     
         699   16.442147978226902     
         700   16.442315101733797     
         701   16.442481182776675     
         702   16.442646227912075     
         703   16.442810243654645     
         704   16.442973236477481     
         705   16.443135212812383     
         706   16.443296179050101     
         707   16.443456141540661     
         708   16.443615106593551     
         709   16.443773080478060     
         710   16.443930069423473     
         711   16.444086079619407     
         712   16.444241117216002     
         713   16.444395188324211     
         714   16.444548299016063     
         715   16.444700455324892     
         716   16.444851663245593     
         717   16.445001928734907     
         718   16.445151257711622     
         719   16.445299656056854     
         720   16.445447129614266     
         721   16.445593684190349     
         722   16.445739325554612     
         723   16.445884059439866     
         724   16.446027891542457     
         725   16.446170827522486     
         726   16.446312873004054     
         727   16.446454033575485     
         728   16.446594314789593     
         729   16.446733722163849     
         730   16.446872261180697     
         731   16.447009937287703     
         732   16.447146755897840     
         733   16.447282722389659     
         734   16.447417842107544     
         735   16.447552120361941     
         736   16.447685562429569     
         737   16.447818173553625     
         738   16.447949958944012     
         739   16.448080923777567     
         740   16.448211073198252     
         741   16.448340412317400     
         742   16.448468946213879     
         743   16.448596679934354     
         744   16.448723618493453     
         745   16.448849766874002     
         746   16.448975130027218     
         747   16.449099712872929     
         748   16.449223520299739     
         749   16.449346557165285     
         750   16.449468828296393     
         751   16.449590338489291     
         752   16.449711092509826     
         753   16.449831095093639     
         754   16.449950350946335     
         755   16.450068864743752     
         756   16.450186641132085     
         757   16.450303684728102     
         758   16.450420000119344     
         759   16.450535591864284     
         760   16.450650464492554     
         761   16.450764622505105     
         762   16.450878070374380     
         763   16.450990812544553     
         764   16.451102853431632     
         765   16.451214197423731     
         766   16.451324848881157     
         767   16.451434812136654     
         768   16.451544091495585     
         769   16.451652691236045     
         770   16.451760615609082     
         771   16.451867868838903     
         772   16.451974455122969     
         773   16.452080378632228     
         774   16.452185643511253     
         775   16.452290253878452     
         776   16.452394213826164     
         777   16.452497527420938     
         778   16.452600198703557     
         779   16.452702231689333     
         780   16.452803630368205     
         781   16.452904398704909     
         782   16.453004540639146     
         783   16.453104060085742     
         784   16.453202960934817     
         785   16.453301247051943     
         786   16.453398922278264     
         787   16.453495990430714     
         788   16.453592455302108     
         789   16.453688320661378     
         790   16.453783590253639     
         791   16.453878267800391     
         792   16.453972356999682     
         793   16.454065861526221     
         794   16.454158785031531     
         795   16.454251131144137     
         796   16.454342903469687     
         797   16.454434105591055     
         798   16.454524741068624     
         799   16.454614813440230     
         800   16.454704326221474     
         801   16.454793282905818     
         802   16.454881686964676     
         803   16.454969541847611     
         804   16.455056850982452     
         805   16.455143617775452     
         806   16.455229845611381     
         807   16.455315537853728     
         808   16.455400697844780     
         809   16.455485328905798     
         810   16.455569434337139     
         811   16.455653017418356     
         812   16.455736081408393     
         813   16.455818629545664     
         814   16.455900665048233     
         815   16.455982191113851     
         816   16.456063210920242     
         817   16.456143727625065     
         818   16.456223744366156     
         819   16.456303264261607     
         820   16.456382290409884     
         821   16.456460825889994     
         822   16.456538873761570     
         823   16.456616437065019     
         824   16.456693518821616     
         825   16.456770122033660     
         826   16.456846249684581     
         827   16.456921904739048     
         828   16.456997090143101     
         829   16.457071808824288     
         830   16.457146063691741     
         831   16.457219857636318     
         832   16.457293193530720     
         833   16.457366074229625     
         834   16.457438502569751     
         835   16.457510481370022     
         836   16.457582013431637     
         837   16.457653101538238     
         838   16.457723748455972     
         839   16.457793956933614     
         840   16.457863729702698     
         841   16.457933069477612     
         842   16.458001978955711     
         843   16.458070460817403     
         844   16.458138517726290     
         845   16.458206152329264     
         846   16.458273367256616     
         847   16.458340165122127     
         848   16.458406548523165     
         849   16.458472520040843     
         850   16.458538082240061     
         851   16.458603237669642     
         852   16.458667988862416     
         853   16.458732338335338     
         854   16.458796288589596     
         855   16.458859842110666     
         856   16.458923001368483     
         857   16.458985768817474     
         858   16.459048146896684     
         859   16.459110138029871     
         860   16.459171744625614     
         861   16.459232969077394     
         862   16.459293813763697     
         863   16.459354281048100     
         864   16.459414373279394     
         865   16.459474092791623     
         866   16.459533441904235     
         867   16.459592422922150     
         868   16.459651038135846     
         869   16.459709289821451     
         870   16.459767180240867     
         871   16.459824711641808     
         872   16.459881886257911     
         873   16.459938706308854     
         874   16.459995174000404     
         875   16.460051291524525     
         876   16.460107061059464     
         877   16.460162484769821     
         878   16.460217564806676     
         879   16.460272303307619     
         880   16.460326702396888     
         881   16.460380764185420     
         882   16.460434490770943     
         883   16.460487884238077     
         884   16.460540946658377     
         885   16.460593680090465     
         886   16.460646086580066     
         887   16.460698168160132     
         888   16.460749926850870     
         889   16.460801364659886     
         890   16.460852483582244     
         891   16.460903285600487     
         892   16.460953772684796     
         893   16.461003946793010     
         894   16.461053809870780     
         895   16.461103363851535     
         896   16.461152610656654     
         897   16.461201552195504     
         898   16.461250190365515     
         899   16.461298527052268     
         900   16.461346564129538     
         901   16.461394303459418     
         902   16.461441746892358     
         903   16.461488896267237     
         904   16.461535753411468     
         905   16.461582320141034     
         906   16.461628598260567     
         907   16.461674589563458     
         908   16.461720295831867     
         909   16.461765718836826     
         910   16.461810860338328     
         911   16.461855722085357     
         912   16.461900305816002     
         913   16.461944613257444     
         914   16.461988646126155     
         915   16.462032406127840     
         916   16.462075894957575     
         917   16.462119114299842     
         918   16.462162065828618     
         919   16.462204751207452     
         920   16.462247172089466     
         921   16.462289330117500     
         922   16.462331226924132     
         923   16.462372864131765     
         924   16.462414243352647     
         925   16.462455366188991     
         926   16.462496234233022     
         927   16.462536849067007     
         928   16.462577212263362     
         929   16.462617325384684     
         930   16.462657189983815     
         931   16.462696807603947     
         932   16.462736179778620     
         933   16.462775308031798     
         934   16.462814193877964     
         935   16.462852838822155     
         936   16.462891244360012     
         937   16.462929411977854     
         938   16.462967343152741     
         939   16.463005039352527     
         940   16.463042502035893     
         941   16.463079732652453     
         942   16.463116732642753     
         943   16.463153503438399     
         944   16.463190046462049     
         945   16.463226363127486     
         946   16.463262454839722     
         947   16.463298322994952     
         948   16.463333968980731     
         949   16.463369394175942     
         950   16.463404599950852     
         951   16.463439587667231     
         952   16.463474358678340     
         953   16.463508914329019     
         954   16.463543255955724     
         955   16.463577384886587     
         956   16.463611302441457     
         957   16.463645009931998     
         958   16.463678508661651     
         959   16.463711799925782     
         960   16.463744885011682     
         961   16.463777765198589     
         962   16.463810441757818     
         963   16.463842915952743     
         964   16.463875189038887     
         965   16.463907262263941     
         966   16.463939136867836     
         967   16.463970814082774     
         968   16.464002295133302     
         969   16.464033581236318     
         970   16.464064673601165     
         971   16.464095573429663     
         972   16.464126281916123     
         973   16.464156800247448     
         974   16.464187129603140     
         975   16.464217271155370     
         976   16.464247226069009     
         977   16.464276995501645     
         978   16.464306580603740     
         979   16.464335982518524     
         980   16.464365202382155     
         981   16.464394241323681     
         982   16.464423100465176     
         983   16.464451780921689     
         984   16.464480283801358     
         985   16.464508610205410     
         986   16.464536761228235     
         987   16.464564737957396     
         988   16.464592541473714     
         989   16.464620172851276     
         990   16.464647633157490     
         991   16.464674923453103     
         992   16.464702044792297     
         993   16.464728998222689     
         994   16.464755784785353     
         995   16.464782405514949     
         996   16.464808861439622     
         997   16.464835153581188     
         998   16.464861282955084     
         999   16.464887250570445     
        1000   16.464913057430095     
        1001   16.464938704530674     
        1002   16.464964192862592     
        1003   16.464989523410104     
        1004   16.465014697151357     
        1005   16.465039715058417     
        1006   16.465064578097298     
        1007   16.465089287228004     
        1008   16.465113843404591     
        1009   16.465138247575180     
        1010   16.465162500681977     
        1011   16.465186603661348     
        1012   16.465210557443854     
        1013   16.465234362954249     
        1014   16.465258021111531     
        1015   16.465281532829028     
        1016   16.465304899014363     
        1017   16.465328120569513     
        1018   16.465351198390870     
        1019   16.465374133369238     
        1020   16.465396926389886     
        1021   16.465419578332611     
        1022   16.465442090071711     
        1023   16.465464462476056     
        1024   16.465486696409155     
        1025   16.465508792729086     
        1026   16.465530752288668     
        1027   16.465552575935359     
        1028   16.465574264511382     
        1029   16.465595818853739     
        1030   16.465617239794216     
        1031   16.465638528159438     
        1032   16.465659684770902     
        1033   16.465680710444975     
        1034   16.465701605992994     
        1035   16.465722372221215     
        1036   16.465743009930932     
        1037   16.465763519918418     
        1038   16.465783902975026     
        1039   16.465804159887202     
        1040   16.465824291436487     
        1041   16.465844298399571     
        1042   16.465864181548330     
        1043   16.465883941649860     
        1044   16.465903579466467     
        1045   16.465923095755745     
        1046   16.465942491270560     
        1047   16.465961766759133     
        1048   16.465980922965013     
        1049   16.465999960627148     
        1050   16.466018880479911     
        1051   16.466037683253091     
        1052   16.466056369671943     
        1053   16.466074940457251     
        1054   16.466093396325299     
        1055   16.466111737987934     
        1056   16.466129966152579     
        1057   16.466148081522270     
        1058   16.466166084795692     
        1059   16.466183976667171     
        1060   16.466201757826724     
        1061   16.466219428960112     
        1062   16.466236990748808     
        1063   16.466254443870071     
        1064   16.466271788996973     
        1065   16.466289026798371     
        1066   16.466306157939012     
        1067   16.466323183079489     
        1068   16.466340102876295     
        1069   16.466356917981873     
        1070   16.466373629044604     
        1071   16.466390236708843     
        1072   16.466406741614954     
        1073   16.466423144399307     
        1074   16.466439445694363     
        1075   16.466455646128622     
        1076   16.466471746326707     
        1077   16.466487746909340     
        1078   16.466503648493433     
        1079   16.466519451692037     
        1080   16.466535157114414     
        1081   16.466550765366037     
        1082   16.466566277048628     
        1083   16.466581692760197     
        1084   16.466597013094990     
        1085   16.466612238643634     
        1086   16.466627369993034     
        1087   16.466642407726507     
        1088   16.466657352423699     
        1089   16.466672204660718     
        1090   16.466686965010041     
        1091   16.466701634040636     
        1092   16.466716212317920     
        1093   16.466730700403808     
        1094   16.466745098856755     
        1095   16.466759408231702     
        1096   16.466773629080201     
        1097   16.466787761950346     
        1098   16.466801807386855     
        1099   16.466815765931045     
        1100   16.466829638120917     
        1101   16.466843424491088     
        1102   16.466857125572883     
        1103   16.466870741894326     
        1104   16.466884273980202     
        1105   16.466897722351973     
        1106   16.466911087527933     
        1107   16.466924370023115     
        1108   16.466937570349405     
        1109   16.466950689015469     
        1110   16.466963726526860     
        1111   16.466976683385944     
        1112   16.466989560092053     
        1113   16.467002357141332     
        1114   16.467015075026918     
        1115   16.467027714238863     
        1116   16.467040275264189     
        1117   16.467052758586885     
        1118   16.467065164687952     
        1119   16.467077494045427     
        1120   16.467089747134338     
        1121   16.467101924426807     
        1122   16.467114026392014     
        1123   16.467126053496230     
        1124   16.467138006202859     
        1125   16.467149884972393     
        1126   16.467161690262493     
        1127   16.467173422527978     
        1128   16.467185082220876     
        1129   16.467196669790361     
        1130   16.467208185682850     
        1131   16.467219630342015     
        1132   16.467231004208738     
        1133   16.467242307721193     
