     -4.0000000000000000        0.0000001604107710        0.0000001604098697        0.0000001604017580        0.0000001603999554
     -3.9839679358717435        0.0000003213627761        0.0000003213555566        0.0000003212905857        0.0000003212761487
     -3.9679358717434869        0.0000004833990756        0.0000004833746679        0.0000004831550317        0.0000004831062316
     -3.9519038076152304        0.0000006470663881        0.0000006470083960        0.0000006464866071        0.0000006463706883
     -3.9358717434869739        0.0000008129169356        0.0000008128033269        0.0000008117812783        0.0000008115542613
     -3.9198396793587174        0.0000009815103060        0.0000009813132655        0.0000009795409724        0.0000009791473914
     -3.9038076152304608        0.0000011534153421        0.0000011531010856        0.0000011502751018        0.0000011496476733
     -3.8877755511022043        0.0000013292120601        0.0000013287406103        0.0000013245021111        0.0000013235613336
     -3.8717434869739478        0.0000015094936070        0.0000015088185284        0.0000015027510511        0.0000015014047329
     -3.8557114228456912        0.0000016948682619        0.0000016939363544        0.0000016855631854        0.0000016837059000
     -3.8396793587174347        0.0000018859614884        0.0000018847124374        0.0000018734936342        0.0000018710060986
     -3.8236472945891782        0.0000020834180446        0.0000020817840269        0.0000020671130596        0.0000020638614353
     -3.8076152304609217        0.0000022879041590        0.0000022858094014        0.0000022670093986        0.0000022628445099
     -3.7915831663326651        0.0000025001097781        0.0000024974700670        0.0000024737896487        0.0000024685461161
     -3.7755511022044090        0.0000027207508944        0.0000027174730339        0.0000026880817104        0.0000026815769952
     -3.7595190380761525        0.0000029505719622        0.0000029465531783        0.0000029105362946        0.0000029025696496
     -3.7434869739478960        0.0000031903484095        0.0000031854756968        0.0000031418288980        0.0000031321802209
     -3.7274549098196395        0.0000034408892541        0.0000034350386624        0.0000033826618547        0.0000033710904376
     -3.7114228456913829        0.0000037030398336        0.0000036960756904        0.0000036337664684        0.0000036200096396
     -3.6953907815631264        0.0000039776846573        0.0000039694587232        0.0000038959052334        0.0000038796768841
     -3.6793587174348699        0.0000042657503908        0.0000042561009423        0.0000041698741500        0.0000041508631399
     -3.6633266533066133        0.0000045682089825        0.0000045569598189        0.0000044565051413        0.0000044343735765
     -3.6472945891783568        0.0000048860809429        0.0000048730403122        0.0000047566685796        0.0000047310499547
     -3.6312625250501003        0.0000052204387882        0.0000052053982261        0.0000050712759293        0.0000050417731259
     -3.6152304609218437        0.0000055724106588        0.0000055551437360        0.0000054012825146        0.0000053674656473
     -3.5991983967935872        0.0000059431841255        0.0000059234450971        0.0000057476904205        0.0000057090945208
     -3.5831663326653307        0.0000063340101969        0.0000063115325469        0.0000061115515355        0.0000060676740649
     -3.5671342685370742        0.0000067462075398        0.0000067207024140        0.0000064939707458        0.0000064442689252
     -3.5511022044088176        0.0000071811669292        0.0000071523214489        0.0000068961092905        0.0000068399972362
     -3.5350701402805611        0.0000076403559399        0.0000076078313892        0.0000073191882876        0.0000072560339409
     -3.5190380761523046        0.0000081253238991        0.0000080887537749        0.0000077644924418        0.0000076936142792
     -3.5030060120240480        0.0000086377071131        0.0000085966950315        0.0000082333739463        0.0000081540374552
     -3.4869739478957915        0.0000091792343890        0.0000091333518357        0.0000087272565880        0.0000086386704952
     -3.4709418837675350        0.0000097517328672        0.0000097005167826        0.0000092476400714        0.0000091489523060
     -3.4549098196392785        0.0000103571341866        0.0000103000843737        0.0000097961045724        0.0000096863979472
     -3.4388777555110219        0.0000109974810020        0.0000109340573452        0.0000103743155365        0.0000102526031296
     -3.4228456913827658        0.0000116749338760        0.0000116045533575        0.0000109840287363        0.0000108492489530
     -3.4068136272545093        0.0000123917785690        0.0000123138120689        0.0000116270956026        0.0000114781068975
     -3.3907815631262528        0.0000131504337512        0.0000130642026170        0.0000123054688469        0.0000121410440828
     -3.3747494989979963        0.0000139534591639        0.0000138582315320        0.0000130212083906        0.0000128400288123
     -3.3587174348697397        0.0000148035642553        0.0000146985511091        0.0000137764876198        0.0000135771364168
     -3.3426853707414832        0.0000157036173232        0.0000155879682687        0.0000145735999858        0.0000143545554164
     -3.3266533066132267        0.0000166566551923        0.0000165294539316        0.0000154149659681        0.0000151745940184
     -3.3106212424849701        0.0000176658934608        0.0000175261529432        0.0000163031404256        0.0000160396869702
     -3.2945891783567136        0.0000187347373496        0.0000185813945779        0.0000172408203536        0.0000169524027888
     -3.2785571142284571        0.0000198667931923        0.0000196987036603        0.0000182308530737        0.0000179154513865
     -3.2625250501002006        0.0000210658806027        0.0000208818123388        0.0000192762448802        0.0000189316921166
     -3.2464929859719440        0.0000223360453625        0.0000221346725523        0.0000203801701684        0.0000200041422636
     -3.2304609218436875        0.0000236815730720        0.0000234614692309        0.0000215459810741        0.0000211359860012
     -3.2144288577154310        0.0000251070036100        0.0000248666342745        0.0000227772176525        0.0000223305838466
     -3.1983967935871744        0.0000266171464514        0.0000263548613572        0.0000240776186279        0.0000235914826381
     -3.1823647294589179        0.0000282170968947        0.0000279311216051        0.0000254511327463        0.0000249224260654
     -3.1663326653306614        0.0000299122532539        0.0000296006802015        0.0000269019307662        0.0000263273657858
     -3.1503006012024048        0.0000317083350723        0.0000313691139745        0.0000284344181236        0.0000278104731559
     -3.1342685370741483        0.0000336114024213        0.0000332423300249        0.0000300532483089        0.0000293761516173
     -3.1182364729458918        0.0000356278763465        0.0000352265854577        0.0000317633369975        0.0000310290497706
     -3.1022044088176353        0.0000377645605333        0.0000373285082830        0.0000335698769772        0.0000327740751770
     -3.0861723446893787        0.0000400286642623        0.0000395551195554        0.0000354783539156        0.0000346164089299
     -3.0701402805611222        0.0000424278267344        0.0000419138568264        0.0000374945630183        0.0000365615210371
     -3.0541082164328657        0.0000449701428455        0.0000444125989880        0.0000396246266259        0.0000386151866621
     -3.0380761523046091        0.0000476641904991        0.0000470596925907        0.0000418750128052        0.0000407835032708
     -3.0220440881763526        0.0000505190595484        0.0000498639797234        0.0000442525549898        0.0000430729087353
     -3.0060120240480961        0.0000535443824665        0.0000528348275489        0.0000467644727300        0.0000454902004483
     -2.9899799599198396        0.0000567503668464        0.0000559821595925        0.0000494183936159        0.0000480425555051
     -2.9739478957915830        0.0000601478298418        0.0000593164888901        0.0000522223764384        0.0000507375520126
     -2.9579158316633265        0.0000637482346653        0.0000628489531045        0.0000551849356607        0.0000535831915898
     -2.9418837675350700        0.0000675637292653        0.0000665913517290        0.0000583150672728        0.0000565879231242
     -2.9258517034068134        0.0000716071873140        0.0000705561855007        0.0000616222761084        0.0000597606678579
     -2.9098196392785569        0.0000758922516440        0.0000747566981572        0.0000651166047069        0.0000631108458749
     -2.8937875751503004        0.0000804333802795        0.0000792069206743        0.0000688086638080        0.0000666484040703
     -2.8777555110220439        0.0000852458952190        0.0000839217181340        0.0000727096645721        0.0000703838456828
     -2.8617234468937878        0.0000903460341318        0.0000889168393782        0.0000768314526237        0.0000743282614799
     -2.8456913827655312        0.0000957510051453        0.0000942089696145        0.0000811865440212        0.0000784933626868
     -2.8296593186372747        0.0001014790449057        0.0000998157861498        0.0000857881632625        0.0000828915157582
     -2.8136272545090182        0.0001075494801098        0.0001057560174382        0.0000906502834424        0.0000875357790946
     -2.7975951903807617        0.0001139827927136        0.0001120495056390        0.0000957876686824        0.0000924399418139
     -2.7815631262525051        0.0001208006890402        0.0001187172728961        0.0001012159189631        0.0000976185646920
     -2.7655310621242486        0.0001280261730176        0.0001257815915581        0.0001069515174942        0.0001030870233948
     -2.7494989979959921        0.0001356836237950        0.0001332660585743        0.0001130118807671        0.0001088615541293
     -2.7334669338677355        0.0001437988779997        0.0001411956743161        0.0001194154114408        0.0001149593018505
     -2.7174348697394790        0.0001523993169109        0.0001495969260856        0.0001261815542230        0.0001213983711651
     -2.7014028056112225        0.0001615139588456        0.0001584978765910        0.0001333308549149        0.0001281978800860
     -2.6853707414829660        0.0001711735570680        0.0001679282576845        0.0001408850227996        0.0001353780167943
     -2.6693386773547094        0.0001814107035523        0.0001779195696761        0.0001488669965643        0.0001429600995798
     -2.6533066132264533        0.0001922599389498        0.0001885051865533        0.0001573010139542        0.0001509666401361
     -2.6372745490981968        0.0002037578691310        0.0001997204674610        0.0001662126853726        0.0001594214103993
     -2.6212424849699403        0.0002159432886954        0.0002116028748112        0.0001756290716478        0.0001683495131284
     -2.6052104208416837        0.0002288573118664        0.0002241920994191        0.0001855787662055        0.0001777774564373
     -2.5891783567134272        0.0002425435112133        0.0002375301930821        0.0001960919818941        0.0001877332324987
     -2.5731462925851707        0.0002570480646665        0.0002516617090454        0.0002072006427279        0.0001982464006548
     -2.5571142284569142        0.0002724199113250        0.0002666338508234        0.0002189384808263        0.0002093481751810
     -2.5410821643286576        0.0002887109165789        0.0002824966298738        0.0002313411388437        0.0002210715179630
     -2.5250501002004011        0.0003059760471061        0.0002993030326505        0.0002444462782001        0.0002334512363629
     -2.5090180360721446        0.0003242735563325        0.0003171091975945        0.0002582936934426        0.0002465240865644
     -2.4929859719438880        0.0003436651809821        0.0003359746026535        0.0002729254330838        0.0002603288827042
     -2.4769539078156315        0.0003642163493799        0.0003559622639554        0.0002883859272848        0.0002749066121137
     -2.4609218436873750        0.0003859964022101        0.0003771389463019        0.0003047221227700        0.0002903005570134
     -2.4448897795591185        0.0004090788264756        0.0003995753861825        0.0003219836253833        0.0003065564230201
     -2.4288577154308619        0.0004335415034463        0.0004233465280560        0.0003402228507200        0.0003237224748501
     -2.4128256513026054        0.0004594669714348        0.0004485317746870        0.0003594951832894        0.0003418496796201
     -2.3967935871743489        0.0004869427042849        0.0004752152523759        0.0003798591446930        0.0003609918581721
     -2.3807615230460923        0.0005160614065124        0.0005034860919651        0.0004013765713295        0.0003812058448709
     -2.3647294589178358        0.0005469213260953        0.0005334387265635        0.0004241128021644        0.0004025516563487
     -2.3486973947895793        0.0005796265859673        0.0005651732069813        0.0004481368771357        0.0004250926696987
     -2.3326653306613228        0.0006142875353337        0.0005987955359295        0.0004735217467978        0.0004488958106458
     -2.3166332665330662        0.0006510211219952        0.0006344180221015        0.0005003444938404        0.0004740317522530
     -2.3006012024048097        0.0006899512869361        0.0006721596553171        0.0005286865671549        0.0005005751247547
     -2.2845691382765532        0.0007312093825070        0.0007121465039851        0.0005586340291584        0.0005286047371387
     -2.2685370741482966        0.0007749346156147        0.0007545121362091        0.0005902778171279        0.0005582038111347
     -2.2525050100200401        0.0008212745174130        0.0007993980659454        0.0006237140193365        0.0005894602283055
     -2.2364729458917836        0.0008703854410805        0.0008469542257022        0.0006590441668315        0.0006224667909728
     -2.2204408817635271        0.0009224330893640        0.0008973394673594        0.0006963755417395        0.0006573214977534
     -2.2044088176352705        0.0009775930736684        0.0009507220927811        0.0007358215030346        0.0006941278345234
     -2.1883767535070140        0.0010360515065777        0.0010072804159954        0.0007775018307607        0.0007329950816742
     -2.1723446893787575        0.0010980056298092        0.0010672033588159        0.0008215430897500        0.0007740386385734
     -2.1563126252505009        0.0011636644797163        0.0011306910818981        0.0008680790139450        0.0008173803661929
     -2.1402805611222444        0.0012332495925883        0.0011979556533359        0.0009172509124901        0.0008631489489218
     -2.1242484969939879        0.0013069957521247        0.0012692217570329        0.0009692080988245        0.0009114802766388
     -2.1082164328657313        0.0013851517816074        0.0013447274432142        0.0010241083440824        0.0009625178481782
     -2.0921843687374748        0.0014679813834433        0.0014247249235857        0.0010821183561740        0.0010164131973867
     -2.0761523046092183        0.0015557640289094        0.0015094814137973        0.0011434142860042        0.0010733263430378
     -2.0601202404809618        0.0016487959011030        0.0015992800260233        0.0012081822623658        0.0011334262639375
     -2.0440881763527057        0.0017473908942786        0.0016944207146423        0.0012766189571303        0.0011968914006333
     -2.0280561122244491        0.0018518816729429        0.0017952212781752        0.0013489321824543        0.0012639101852160
     -2.0120240480961926        0.0019626207942820        0.0019020184208277        0.0014253415218137        0.0013346816007862
     -1.9959919839679361        0.0020755034548609        0.0020108290565585        0.0015028291247126        0.0014063731067204
     -1.9799599198396796        0.0021883861154397        0.0021195718651434        0.0015798098221091        0.0014774953708857
     -1.9639278557114230        0.0023012687760185        0.0022282431785859        0.0016562576483506        0.0015480196059260
     -1.9478957915831665        0.0024141514365974        0.0023368393313007        0.0017321468175222        0.0016179172665426
     -1.9318637274549100        0.0025270340971762        0.0024453566602381        0.0018074517321448        0.0016871600610485
     -1.9158316633266534        0.0026399167577551        0.0025537915050069        0.0018821469918085        0.0017557199628191
     -1.8997995991983969        0.0027527994183339        0.0026621402079985        0.0019562074017407        0.0018235692216370
     -1.8837675350701404        0.0028656820789127        0.0027703991145096        0.0020296079813040        0.0018906803749234
     -1.8677354709418839        0.0029785647394916        0.0028785645728660        0.0021023239724226        0.0019570262588542
     -1.8517034068136273        0.0030914474000704        0.0029866329345456        0.0021743308479326        0.0020225800193549
     -1.8356713426853708        0.0032043300606493        0.0030946005543014        0.0022456043198556        0.0020873151229697
     -1.8196392785571143        0.0033172127212281        0.0032024637902845        0.0023161203475908        0.0021512053676015
     -1.8036072144288577        0.0034300953818069        0.0033102190041672        0.0023858551460239        0.0022142248931169
     -1.7875751503006012        0.0035429780423858        0.0034178625612651        0.0024547851935500        0.0022763481918140
     -1.7715430861723447        0.0036558607029646        0.0035253908306604        0.0025228872400072        0.0023375501187463
     -1.7555110220440882        0.0037687433635435        0.0036328001853239        0.0025901383145191        0.0023978059019007
     -1.7394789579158321        0.0038816260241223        0.0037400870022376        0.0026565157332428        0.0024570911522238
     -1.7234468937875755        0.0039945086847011        0.0038472476625167        0.0027219971070204        0.0025153818734941
     -1.7074148296593190        0.0041073913452800        0.0039542785515318        0.0027865603489304        0.0025726544720342
     -1.6913827655310625        0.0042202740058588        0.0040611760590310        0.0028501836817382        0.0026288857662609
     -1.6753507014028060        0.0043331566664377        0.0041679365792613        0.0029128456452412        0.0026840529960679
     -1.6593186372745494        0.0044460393270165        0.0042745565110904        0.0029745251035074        0.0027381338320382
     -1.6432865731462929        0.0045589219875953        0.0043810322581282        0.0030352012520047        0.0027911063844822
     -1.6272545090180364        0.0046718046481742        0.0044873602288482        0.0030948536246184        0.0028429492122979
     -1.6112224448897798        0.0047846873087530        0.0045935368367083        0.0031534621005538        0.0028936413316488
     -1.5951903807615233        0.0048975699693319        0.0046995585002724        0.0032110069111238        0.0029431622244581
     -1.5791583166332668        0.0050104526299107        0.0048054216433303        0.0032674686464163        0.0029914918467129
     -1.5631262525050102        0.0051233352904895        0.0049111226950193        0.0033228282618416        0.0030386106365775
     -1.5470941883767537        0.0052362179510684        0.0050166580899439        0.0033770670845556        0.0030844995223111
     -1.5310621242484972        0.0053491006116472        0.0051220242682966        0.0034301668197588        0.0031291399299874
     -1.5150300601202407        0.0054619832722261        0.0052272176759775        0.0034821095568668        0.0031725137910125
     -1.4989979959919841        0.0055748659328049        0.0053322347647145        0.0035328777755515        0.0032146035494381
     -1.4829659318637276        0.0056877485933837        0.0054370719921830        0.0035824543516508        0.0032553921690678
     -1.4669338677354711        0.0058006312539626        0.0055417258221251        0.0036308225629450        0.0032948631403525
     -1.4509018036072145        0.0059135139145414        0.0056461927244694        0.0036779660947963        0.0033330004870725
     -1.4348697394789580        0.0060263965751203        0.0057504691754493        0.0037238690456527        0.0033697887728045
     -1.4188376753507015        0.0061392792356991        0.0058545516577226        0.0037685159324110        0.0034052131071694
     -1.4028056112224450        0.0062521618962779        0.0059584366604897        0.0038118916956395        0.0034392591518591
     -1.3867735470941884        0.0063650445568568        0.0060621206796124        0.0038539817046575        0.0034719131264403
     -1.3707414829659319        0.0064779272174356        0.0061656002177317        0.0038947717624703        0.0035031618139325
     -1.3547094188376754        0.0065908098780144        0.0062688717843857        0.0039342481105578        0.0035329925661569
     -1.3386773547094188        0.0067036925385933        0.0063719318961281        0.0039723974335152        0.0035613933088568
     -1.3226452905811628        0.0068165751991721        0.0064747770766448        0.0040092068635445        0.0035883525465841
     -1.3066132264529062        0.0069294578597510        0.0065774038568715        0.0040446639847946        0.0036138593673524
     -1.2905811623246497        0.0070423405203298        0.0066798087751110        0.0040787568375492        0.0036379034470537
     -1.2745490981963932        0.0071552231809086        0.0067819883771495        0.0041114739222611        0.0036604750536374
     -1.2585170340681366        0.0072681058414875        0.0068839392163734        0.0041428042034306        0.0036815650510489
     -1.2424849699398801        0.0073809885020663        0.0069856578538856        0.0041727371133279        0.0037011649029282
     -1.2264529058116236        0.0074938711626452        0.0070871408586212        0.0042012625555581        0.0037192666760642
     -1.2104208416833671        0.0076067538232240        0.0071883848074634        0.0042283709084658        0.0037358630436067
     -1.1943887775551105        0.0077196364838028        0.0072893862853592        0.0042540530283814        0.0037509472880313
     -1.1783567134268540        0.0078325191443817        0.0073901418854341        0.0042783002527045        0.0037645133038586
     -1.1623246492985975        0.0079454018049605        0.0074906482091075        0.0043011044028265        0.0037765556001255
     -1.1462925851703409        0.0080582844655394        0.0075909018662070        0.0043224577868887        0.0037870693026076
     -1.1302605210420844        0.0081711671261182        0.0076908994750830        0.0043423532023771        0.0037960501557924
     -1.1142284569138279        0.0082840497866970        0.0077906376627226        0.0043607839385517        0.0038034945246011
     -1.0981963927855714        0.0083969324472759        0.0078901130648633        0.0043777437787099        0.0038093993958608
     -1.0821643286573148        0.0085098151078547        0.0079893223261067        0.0043932270022836        0.0038137623795232
     -1.0661322645290583        0.0086226977684336        0.0080882621000316        0.0044072283867689        0.0038165817096327
     -1.0501002004008018        0.0087355804290124        0.0081869290493068        0.0044197432094872        0.0038178562450410
     -1.0340681362725452        0.0088484630895912        0.0082853198458039        0.0044307672491784        0.0038175854698686
     -1.0180360721442887        0.0089613457501701        0.0083834311707092        0.0044402967874249        0.0038157694937143
     -1.0020040080160322        0.0090742284107489        0.0084812597146358        0.0044483286099056        0.0038124090516101
     -0.9859719438877756        0.0091871110713278        0.0085788021777354        0.0044548600074802        0.0038075055037244
     -0.9699398797595191        0.0092999937319066        0.0086760552698095        0.0044598887771028        0.0038010608348107
     -0.9539078156312626        0.0094128763924854        0.0087730157104203        0.0044634132225653        0.0037930776534051
     -0.9378757515030061        0.0095257590530643        0.0088696802290014        0.0044654321550695        0.0037835591907698
     -0.9218436873747500        0.0096386417136431        0.0089660455649681        0.0044659448936276        0.0037725092995854
     -0.9058116232464934        0.0097515243742220        0.0090621084678274        0.0044649512652925        0.0037599324523917
     -0.8897795591182369        0.0098644070348008        0.0091578656972877        0.0044624516052159        0.0037458337397772
     -0.8737474949899804        0.0099772896953796        0.0092533140233682        0.0044584467565353        0.0037302188683187
     -0.8577154308617239        0.0100901723559585        0.0093484502265073        0.0044529380700893        0.0037130941582713
     -0.8416833667334673        0.0102030550165373        0.0094432710976720        0.0044459274039624        0.0036944665410109
     -0.8256513026052108        0.0103159376771162        0.0095377734384655        0.0044374171228581        0.0036743435562276
     -0.8096192384769543        0.0104288203376950        0.0096319540612354        0.0044274100973013        0.0036527333488750
     -0.7935871743486977        0.0105417029982738        0.0097258097891813        0.0044159097026698        0.0036296446658728
     -0.7775551102204412        0.0106545856588527        0.0098193374564615        0.0044029198180564        0.0036050868525665
     -0.7615230460921847        0.0107674683194315        0.0099125339083003        0.0043884448249597        0.0035790698489452
     -0.7454909819639282        0.0108803509800104        0.0100053960010943        0.0043724896058069        0.0035516041856177
     -0.7294589178356716        0.0109932336405892        0.0100979206025180        0.0043550595423066        0.0035227009795505
     -0.7134268537074151        0.0111061163011680        0.0101901045916302        0.0043361605136335        0.0034923719295682
     -0.6973947895791586        0.0112189989617469        0.0102819448589785        0.0043157988944455        0.0034606293116180
     -0.6813627254509020        0.0113318816223257        0.0103734383067049        0.0042939815527337        0.0034274859738011
     -0.6653306613226455        0.0114447642829046        0.0104645818486497        0.0042707158475053        0.0033929553311722
     -0.6492985971943890        0.0115576469434834        0.0105553724104560        0.0042460096263020        0.0033570513603098
     -0.6332665330661325        0.0116705296040622        0.0106458069296731        0.0042198712225524        0.0033197885936591
     -0.6172344689378759        0.0117834122646411        0.0107358823558601        0.0041923094527617        0.0032811821136493
     -0.6012024048096194        0.0118962949252199        0.0108255956506885        0.0041633336135375        0.0032412475465898
     -0.5851703406813629        0.0120091775857988        0.0109149437880450        0.0041329534784544        0.0032000010563445
     -0.5691382765531063        0.0121220602463776        0.0110039237541333        0.0041011792947570        0.0031574593377897
     -0.5531062124248498        0.0122349429069564        0.0110925325475759        0.0040680217799034        0.0031136396100566
     -0.5370741482965933        0.0123478255675353        0.0111807671795152        0.0040334921179510        0.0030685596095619
     -0.5210420841683367        0.0124607082281141        0.0112686246737146        0.0039976019557830        0.0030222375828286
     -0.5050100200400807        0.0125735908886930        0.0113561020666585        0.0039603633991808        0.0029746922791005
     -0.4889779559118241        0.0126864735492718        0.0114431964076526        0.0039217890087402        0.0029259429427537
     -0.4729458917835676        0.0127993562098506        0.0115299047589233        0.0038818917956349        0.0028760093055068
     -0.4569138276553111        0.0129122388704295        0.0116162241957168        0.0038406852172277        0.0028249115784345
     -0.4408817635270545        0.0130251215310083        0.0117021518063977        0.0037981831725316        0.0027726704437871
     -0.4248496993987980        0.0131380041915872        0.0117876846925472        0.0037543999975212        0.0027193070466190
     -0.4088176352705415        0.0132508868521660        0.0118728199690611        0.0037093504602974        0.0026648429862302
     -0.3927855711422850        0.0133637695127448        0.0119575547642468        0.0036630497561065        0.0026093003074237
     -0.3767535070140284        0.0134766521733237        0.0120418862199204        0.0036155135022140        0.0025527014915827
     -0.3607214428857719        0.0135895348339025        0.0121258114915029        0.0035667577326375        0.0024950694475710
     -0.3446893787575154        0.0137024174944814        0.0122093277481165        0.0035167988927384        0.0024364275024607
     -0.3286573146292588        0.0138153001550602        0.0122924321726796        0.0034656538336744        0.0023767993920899
     -0.3126252505010023        0.0139281828156390        0.0123751219620022        0.0034133398067162        0.0023162092514559
     -0.2965931863727458        0.0140410654762179        0.0124573943268804        0.0033598744574282        0.0022546816049461
     -0.2805611222444893        0.0141539481367967        0.0125392464921902        0.0033052758197167        0.0021922413564113
     -0.2645290581162327        0.0142668307973756        0.0126206756969816        0.0032495623097473        0.0021289137790864
     -0.2484969939879762        0.0143797134579544        0.0127016791945713        0.0031927527197328        0.0020647245053600
     -0.2324649298597197        0.0144925961185332        0.0127822542526355        0.0031348662115946        0.0019996995163999
     -0.2164328657314631        0.0146054787791121        0.0128623981533021        0.0030759223104998        0.0019338651316370
     -0.2004008016032066        0.0147183614396909        0.0129421081932422        0.0030159408982746        0.0018672479981121
     -0.1843687374749501        0.0148312441002698        0.0130213816837618        0.0029549422066990        0.0017998750796905
     -0.1683366733466936        0.0149441267608486        0.0131002159508917        0.0028929468106818        0.0017317736461480
     -0.1523046092184370        0.0150570094214274        0.0131786083354784        0.0028299756213213        0.0016629712621330
     -0.1362725450901805        0.0151698920820063        0.0132565561932733        0.0027660498788514        0.0015934957760102
     -0.1202404809619240        0.0152827747425851        0.0133340568950223        0.0027011911454778        0.0015233753085877
     -0.1042084168336674        0.0153956574031640        0.0134111078265542        0.0026354212981047        0.0014526382417358
     -0.0881763527054114        0.0155085400637428        0.0134877063888689        0.0025687625209559        0.0013813132068987
     -0.0721442885771548        0.0156214227243216        0.0135638499982253        0.0025012372980918        0.0013094290735055
     -0.0561122244488983        0.0157343053849005        0.0136395360862282        0.0024328684058257        0.0012370149372858
     -0.0400801603206418        0.0158471880454793        0.0137147620999149        0.0023636789050413        0.0011641001084919
     -0.0240480961923852        0.0159600707060582        0.0137895255018417        0.0022936921334143        0.0010907141000363
     -0.0080160320641287        0.0160729533666370        0.0138638237701691        0.0022229316975405        0.0010168866155452
      0.0080160320641278        0.0161858360272158        0.0139376543987469        0.0021514214649731        0.0009426475373364
      0.0240480961923843        0.0162987186877947        0.0140110148971989        0.0020791855561725        0.0008680269143234
      0.0400801603206409        0.0164116013483735        0.0140839027910068        0.0020062483363704        0.0007930549498537
      0.0561122244488974        0.0165244840089524        0.0141563156215939        0.0019326344073510        0.0007177619894832
      0.0721442885771539        0.0166373666695312        0.0142282509464075        0.0018583685991533        0.0006421785086935
      0.0881763527054105        0.0167502493301100        0.0142997063390019        0.0017834759616956        0.0005663351005572
      0.1042084168336670        0.0168631319906889        0.0143706793891197        0.0017079817563263        0.0004902624633544
      0.1202404809619235        0.0169760146512677        0.0144411677027737        0.0016319114473030        0.0004139913881480
      0.1362725450901801        0.0170888973118466        0.0145111689023269        0.0015552906932036        0.0003375527463201
      0.1523046092184366        0.0172017799724254        0.0145806806265734        0.0014781453382716        0.0002609774770770
      0.1683366733466931        0.0173146626330042        0.0146497005308178        0.0014005014036990        0.0001842965749263
      0.1843687374749496        0.0174275452935831        0.0147182262869540        0.0013223850788487        0.0001075410771311
      0.2004008016032062        0.0175404279541619        0.0147862555835442        0.0012438227124215        0.0000307420511480
      0.2164328657314627        0.0176533106147407        0.0148537861258966        0.0011648408035683       -0.0000460694179481
      0.2324649298597192        0.0177661932753196        0.0149208156361427        0.0010854659929522       -0.0001228622400458
      0.2484969939879758        0.0178790759358984        0.0149873418533144        0.0010057250537622       -0.0001996053325812
      0.2645290581162323        0.0179919585964773        0.0150533625334202        0.0009256448826827       -0.0002762676331190
      0.2805611222444888        0.0181048412570561        0.0151188754495208        0.0008452524908214       -0.0003528181119251
      0.2965931863727453        0.0182177239176349        0.0151838783918042        0.0007645749945984       -0.0004292257845262
      0.3126252505010019        0.0183306065782138        0.0152483691676603        0.0006836396065997       -0.0005054597242510
      0.3286573146292584        0.0184434892387926        0.0153123456017550        0.0006024736263984       -0.0005814890747483
      0.3446893787575149        0.0185563718993715        0.0153758055361031        0.0005211044313463       -0.0006572830624759
      0.3607214428857715        0.0186692545599503        0.0154387468301418        0.0004395594673401       -0.0007328110091568
      0.3767535070140280        0.0187821372205291        0.0155011673608022        0.0003578662395634       -0.0008080423441967
      0.3927855711422845        0.0188950198811080        0.0155630650225816        0.0002760523032092       -0.0008829466170572
      0.4088176352705410        0.0190079025416868        0.0156244377276138        0.0001941452541857       -0.0009574935095811
      0.4248496993987976        0.0191207852022657        0.0156852834057400        0.0001121727198080       -0.0010316528482642
      0.4408817635270541        0.0192336678628445        0.0157456000045786        0.0000301623494795       -0.0011053946164680
      0.4569138276553106        0.0193465505234233        0.0158053854895942       -0.0000518581946343       -0.0011786889665692
      0.4729458917835672        0.0194594331840022        0.0158646378441666       -0.0001338612469363       -0.0012515062320411
      0.4889779559118237        0.0195723158445810        0.0159233550696583       -0.0002158191477293       -0.0013238169394611
      0.5050100200400802        0.0196851985051599        0.0159815351854824       -0.0002977042525459       -0.0013955918204401
      0.5210420841683359        0.0197980811657387        0.0160391762291691       -0.0003794889414727       -0.0014668018234698
      0.5370741482965924        0.0199109638263175        0.0160962762564321       -0.0004611456284668       -0.0015374181256809
      0.5531062124248489        0.0200238464868964        0.0161528333412341       -0.0005426467706603       -0.0016074121445099
      0.5691382765531054        0.0201367291474752        0.0162088455758515       -0.0006239648776508       -0.0016767555492678
      0.5851703406813620        0.0202496118080541        0.0162643110709394       -0.0007050725207737       -0.0017454202726073
      0.6012024048096185        0.0203624944686329        0.0163192279555947       -0.0007859423423543       -0.0018133785218834
      0.6172344689378750        0.0204753771292117        0.0163735943774194       -0.0008665470649351       -0.0018806027904025
      0.6332665330661316        0.0205882597897906        0.0164274085025834       -0.0009468595004767       -0.0019470658685562
      0.6492985971943881        0.0207011424503694        0.0164806685158857       -0.0010268525595283       -0.0020127408548345
      0.6653306613226446        0.0208140251109483        0.0165333726208163       -0.0011064992603654       -0.0020776011667145
      0.6813627254509012        0.0209269077715271        0.0165855190396164       -0.0011857727380899       -0.0021416205514199
      0.6973947895791577        0.0210397904321059        0.0166371060133386       -0.0012646462536927       -0.0022047730965468
      0.7134268537074142        0.0211526730926848        0.0166881318019058       -0.0013430932030717       -0.0022670332405524
      0.7294589178356707        0.0212655557532636        0.0167385946841706       -0.0014210871260065       -0.0023283757831009
      0.7454909819639273        0.0213784384138425        0.0167884929579727       -0.0014986017150824       -0.0023887758952637
      0.7615230460921838        0.0214913210744213        0.0168378249401966       -0.0015756108245648       -0.0024482091295692
      0.7775551102204403        0.0216042037350001        0.0168865889668283       -0.0016520884792174       -0.0025066514298979
      0.7935871743486969        0.0217170863955790        0.0169347833930117       -0.0017280088830645       -0.0025640791412195
      0.8096192384769534        0.0218299690561578        0.0169824065931035       -0.0018033464280911       -0.0026204690191676
      0.8256513026052099        0.0219428517167367        0.0170294569607289       -0.0018780757028813       -0.0026757982394477
      0.8416833667334664        0.0220557343773155        0.0170759329088347       -0.0019521715011890       -0.0027300444070757
      0.8577154308617230        0.0221686170378943        0.0171218328697438       -0.0020256088304406       -0.0027831855654428
      0.8737474949899795        0.0222814996984732        0.0171671552952075       -0.0020983629201642       -0.0028352002052019
      0.8897795591182360        0.0223943823590520        0.0172118986564581       -0.0021704092303455       -0.0028860672729745
      0.9058116232464926        0.0225072650196309        0.0172560614442600       -0.0022417234597046       -0.0029357661798718
      0.9218436873747491        0.0226201476802097        0.0172996421689611       -0.0023122815538932       -0.0029842768098279
      0.9378757515030056        0.0227330303407885        0.0173426393605428       -0.0023820597136081       -0.0030315795277430
      0.9539078156312621        0.0228459130013674        0.0173850515686696       -0.0024510344026184       -0.0030776551874296
      0.9699398797595187        0.0229587956619462        0.0174268773627380       -0.0025191823557046       -0.0031224851393631
      0.9859719438877752        0.0230716783225251        0.0174681153319248       -0.0025864805865061       -0.0031660512382298
      1.0020040080160317        0.0231845609831039        0.0175087640852347       -0.0026529063952741       -0.0032083358502716
      1.0180360721442883        0.0232974436436827        0.0175488222515473       -0.0027184373765286       -0.0032493218604234
      1.0340681362725448        0.0234103263042616        0.0175882884796631       -0.0027830514266156       -0.0032889926792405
      1.0501002004008013        0.0235232089648404        0.0176271614383493       -0.0028467267511627       -0.0033273322496132
      1.0661322645290578        0.0236360916254193        0.0176654398163847       -0.0029094418724306       -0.0033643250532664
      1.0821643286573144        0.0237489742859981        0.0177031223226037       -0.0029711756365571       -0.0033999561170405
      1.0981963927855709        0.0238618569465769        0.0177402076859400       -0.0030319072206927       -0.0034342110189520
      1.1142284569138274        0.0239747396071558        0.0177766946554699       -0.0030916161400240       -0.0034670758940308
      1.1302605210420840        0.0240876222677346        0.0178125820004534       -0.0031502822546834       -0.0034985374399325
      1.1462925851703405        0.0242005049283135        0.0178478685103771       -0.0032078857765419       -0.0035285829223222
      1.1623246492985970        0.0243133875888923        0.0178825529949938       -0.0032644072758843       -0.0035572001800291
      1.1783567134268536        0.0244262702494711        0.0179166342843634       -0.0033198276879621       -0.0035843776299688
      1.1943887775551101        0.0245391529100500        0.0179501112288922       -0.0033741283194248       -0.0036101042718316
      1.2104208416833666        0.0246520355706288        0.0179829826993714       -0.0034272908546246       -0.0036343696925351
      1.2264529058116231        0.0247649182312077        0.0180152475870157       -0.0034792973617946       -0.0036571640704389
      1.2424849699398797        0.0248778008917865        0.0180469048035001       -0.0035301302990970       -0.0036784781793199
      1.2585170340681362        0.0249906835523653        0.0180779532809972       -0.0035797725205401       -0.0036983033921067
      1.2745490981963927        0.0251035662129442        0.0181083919722127       -0.0036282072817618       -0.0037166316843719
      1.2905811623246493        0.0252164488735230        0.0181382198504211       -0.0036754182456773       -0.0037334556375793
      1.3066132264529058        0.0253293315341019        0.0181674359095001       -0.0037213894879894       -0.0037487684420873
      1.3226452905811623        0.0254422141946807        0.0181960391639647       -0.0037661055025602       -0.0037625638999050
      1.3386773547094180        0.0255550968552595        0.0182240286490005       -0.0038095512066413       -0.0037748364272005
      1.3547094188376745        0.0256679795158384        0.0182514034204958       -0.0038517119459607       -0.0037855810565615
      1.3707414829659310        0.0257808621764172        0.0182781625550740       -0.0038925734996664       -0.0037947934390056
      1.3867735470941875        0.0258937448369961        0.0183043051501245       -0.0039321220851226       -0.0038024698457408
      1.4028056112224441        0.0260066274975749        0.0183298303238330       -0.0039703443625589       -0.0038086071696746
      1.4188376753507006        0.0261195101581537        0.0183547372152116       -0.0040072274395696       -0.0038132029266716
      1.4348697394789571        0.0262323928187326        0.0183790249841275       -0.0040427588754624       -0.0038162552565592
      1.4509018036072137        0.0263452754793114        0.0184026928113316       -0.0040769266854547       -0.0038177629238802
      1.4669338677354702        0.0264581581398903        0.0184257398984858       -0.0041097193447161       -0.0038177253183931
      1.4829659318637267        0.0265710408004691        0.0184481654681904       -0.0041411257922555       -0.0038161424553192
      1.4989979959919832        0.0266839234610479        0.0184699687640098       -0.0041711354346523       -0.0038130149753359
      1.5150300601202398        0.0267968061216268        0.0184911490504987       -0.0041997381496294       -0.0038083441443182
      1.5310621242484963        0.0269096887822056        0.0185117056132259       -0.0042269242894675       -0.0038021318528255
      1.5470941883767528        0.0270225714427845        0.0185316377587996       -0.0042526846842591       -0.0037943806153369
      1.5631262525050094        0.0271354541033633        0.0185509448148896       -0.0042770106450020       -0.0037850935692335
      1.5791583166332659        0.0272483367639421        0.0185696261302510       -0.0042998939665294       -0.0037742744735279
      1.5951903807615224        0.0273612194245210        0.0185876810747456       -0.0043213269302783       -0.0037619277073435
      1.6112224448897789        0.0274741020850998        0.0186051090393630       -0.0043413023068921       -0.0037480582681414
      1.6272545090180355        0.0275869847456787        0.0186219094362419       -0.0043598133586601       -0.0037326717696981
      1.6432865731462920        0.0276998674062575        0.0186380816986890       -0.0043768538417890       -0.0037157744398327
      1.6593186372745485        0.0278127500668363        0.0186536252811989       -0.0043924180085100       -0.0036973731178869
      1.6753507014028051        0.0279256327274152        0.0186685396594719       -0.0044065006090168       -0.0036774752519561
      1.6913827655310616        0.0280385153879940        0.0186828243304321       -0.0044190968932366       -0.0036560888958747
      1.7074148296593181        0.0281513980485729        0.0186964788122442       -0.0044302026124324       -0.0036332227059568
      1.7234468937875747        0.0282642807091517        0.0187095026443298       -0.0044398140206359       -0.0036088859374920
      1.7394789579158312        0.0283771633697305        0.0187218953873827       -0.0044479278759112       -0.0035830884409994
      1.7555110220440877        0.0284900460303094        0.0187336566233842       -0.0044545414414483       -0.0035558406582405
      1.7715430861723442        0.0286029286908882        0.0187447859556168       -0.0044596524864861       -0.0035271536179927
      1.7875751503006008        0.0287158113514671        0.0187552830086777       -0.0044632592870648       -0.0034970389315855
      1.8036072144288573        0.0288286940120459        0.0187651474284914       -0.0044653606266076       -0.0034655087882008
      1.8196392785571138        0.0289415766726247        0.0187743788823219       -0.0044659557963310       -0.0034325759499386
      1.8356713426853704        0.0290544593332036        0.0187829770587836       -0.0044650445954838       -0.0033982537466523
      1.8517034068136269        0.0291673419937824        0.0187909416678519       -0.0044626273314147       -0.0033625560705527
      1.8677354709418834        0.0292802246543612        0.0187982724408732       -0.0044587048194689       -0.0033254973705852
      1.8837675350701399        0.0293931073149401        0.0188049691305735       -0.0044532783827129       -0.0032870926465816
      1.8997995991983965        0.0295059899755189        0.0188110315110673       -0.0044463498514884       -0.0032473574431885
      1.9158316633266530        0.0296188726360978        0.0188164593778648       -0.0044379215627945       -0.0032063078435757
      1.9318637274549095        0.0297317552966766        0.0188212525478790       -0.0044279963595001       -0.0031639604629263
      1.9478957915831661        0.0298446379572554        0.0188254108594318       -0.0044165775893843       -0.0031203324417117
      1.9639278557114226        0.0299575206178343        0.0188289341722594       -0.0044036691040078       -0.0030754414387534
      1.9799599198396791        0.0300704032784131        0.0188318223675172       -0.0043892752574133       -0.0030293056240762
      1.9959919839679356        0.0302171595895901        0.0188552505962204       -0.0043783273472176       -0.0029853232693370
      2.0120240480961922        0.0304658748966468        0.0189416639895305       -0.0043806751184783       -0.0029502049546736
      2.0280561122244487        0.0308173836097677        0.0190913482382182       -0.0043963250741990       -0.0029238459890322
      2.0440881763527052        0.0312728717372202        0.0193048033327316       -0.0044253247364203       -0.0029061681109447
      2.0601202404809618        0.0318338761190864        0.0195827422773260       -0.0044677621643722       -0.0028971188336524
      2.0761523046092183        0.0325022896126389        0.0199260934717133       -0.0045237662218720       -0.0028966712892699
      2.0921843687374748        0.0332803674789380        0.0203360038121957       -0.0045935069686265       -0.0029048241490121
      2.1082164328657313        0.0341707349921964        0.0208138425226449       -0.0046771961766289       -0.0029216016192493
      2.1242484969939879        0.0351763962975882        0.0213612057281217       -0.0047750879732169       -0.0029470535133771
      2.1402805611222444        0.0363007445473869        0.0219799217864140       -0.0048874796127463       -0.0029812553997161
      2.1563126252505000        0.0375475733496332        0.0226720573953017       -0.0050147123792210       -0.0030243088258787
      2.1723446893787566        0.0389210895679613        0.0234399244959493       -0.0051571726226235       -0.0030763416202710
      2.1883767535070131        0.0404259275157701        0.0242860879954847       -0.0053152929320890       -0.0031375082716228
      2.2044088176352696        0.0420671645926318        0.0252133743345608       -0.0054895534494890       -0.0032079903876756
      2.2204408817635262        0.0438503384156953        0.0262248809285178       -0.0056804833274110       -0.0032879972343871
      2.2364729458917827        0.0457814655038876        0.0273239865136817       -0.0058886623359623       -0.0033777663572553
      2.2525050100200392        0.0478670615779542        0.0285143624333607       -0.0061147226232768       -0.0034775642866071
      2.2685370741482958        0.0501141635448306        0.0297999849012361       -0.0063593506350712       -0.0035876873289431
      2.2845691382765523        0.0525303532405236        0.0311851482831120       -0.0066232891990788       -0.0037084624466917
      2.3006012024048088        0.0551237830116110        0.0326744794413893       -0.0069073397806906       -0.0038402482289808
      2.3166332665330653        0.0579032032216713        0.0342729531901779       -0.0072123649166537       -0.0039834359563130
      2.3326653306613219        0.0608779917754556        0.0359859089126722       -0.0075392908342160       -0.0041384507623017
      2.3486973947895784        0.0640581857604125        0.0378190683962978       -0.0078891102636713       -0.0043057528959212
      2.3647294589178349        0.0674545153123311        0.0397785549452021       -0.0082628854528446       -0.0044858390880151
      2.3807615230460915        0.0710784398193631        0.0418709138339329       -0.0086617513926720       -0.0046792440261221
      2.3967935871743480        0.0749421865865794        0.0441031341706237       -0.0090869192636692       -0.0048865419419986
      2.4128256513026045        0.0790587920915176        0.0464826722427183       -0.0095396801137540       -0.0051083483165491
      2.4288577154308610        0.0834421459699185        0.0490174764232129       -0.0100214087785917       -0.0053453217072292
      2.4448897795591176        0.0881070378800612        0.0517160137206140       -0.0105335680563663       -0.0055981657033450
      2.4609218436873741        0.0930692074038204        0.0545872980612933       -0.0110777131496558       -0.0058676310150555
      2.4769539078156306        0.0983453971528139        0.0576409203987135       -0.0116554963878984       -0.0061545177022792
      2.4929859719438872        0.1039534092588227        0.0608870807500983       -0.0122686722447910       -0.0064596775501239
      2.5090180360721437        0.1099121654390874        0.0643366222675585       -0.0129191026658543       -0.0067840165978919
      2.5250501002004002        0.1162417708391406        0.0680010674574815       -0.0136087627223428       -0.0071284978291687
      2.5410821643286567        0.1229635818685884        0.0718926566691693       -0.0143397466086683       -0.0074941440309838
      2.5571142284569133        0.1301002782587192        0.0760243889812874       -0.0151142740015471       -0.0078820408305316
      2.5731462925851698        0.1376759395850667        0.0804100656226977       -0.0159346968001829       -0.0082933399184685
      2.5891783567134263        0.1457161265131196        0.0850643360727154       -0.0168035062679508       -0.0087292624683566
      2.6052104208416829        0.1542479670413027        0.0900027469947758       -0.0177233405972684       -0.0091911027624074
      2.6212424849699394        0.1633002480322195        0.0952417941669682       -0.0186969929206271       -0.0096802320342891
      2.6372745490981959        0.1729035123409863        0.1007989775828961       -0.0197274197921072       -0.0101981025404077
      2.6533066132264524        0.1830901618683743        0.1066928599069212       -0.0208177501651329       -0.0107462518717505
      2.6693386773547090        0.1938945668864661        0.1129431284790457       -0.0219712948937286       -0.0113263075190926
      2.6853707414829655        0.2053531820056963        0.1195706610765511       -0.0231915567861269       -0.0119399917051226
      2.7014028056112220        0.2175046691745560        0.1265975956520543       -0.0244822412412574       -0.0125891264978328
      2.7174348697394786        0.2303900281269678        0.1340474042809295       -0.0258472675004140       -0.0132756392203567
      2.7334669338677351        0.2440527347174667        0.1419449715651010       -0.0272907805482685       -0.0140015681733162
      2.7494989979959916        0.2585388876109385        0.1503166777550990       -0.0288171636993662       -0.0147690686866673
      2.7655310621242482        0.2738973638218522        0.1591904868680331       -0.0304310519083255       -0.0155804195190145
      2.7815631262525047        0.2901799836277863        0.1685960400958211       -0.0321373458441576       -0.0164380296233919
      2.7975951903807612        0.3074416854136725        0.1785647548156871       -0.0339412267714437       -0.0173444452996008
      2.8136272545090177        0.3257407110366927        0.1891299295336529       -0.0358481722835578       -0.0183023577543379
      2.8296593186372743        0.3451388023372585        0.2003268551115646       -0.0378639729357101       -0.0193146110915620
      2.8456913827655308        0.3657014094591119        0.2121929326491882       -0.0399947498283172       -0.0203842107568223
      2.8617234468937873        0.3874979116814293        0.2247677984151338       -0.0422469731940935       -0.0215143324606207
      2.8777555110220439        0.4106018515080275        0.2380934562439162       -0.0446274820453034       -0.0227083316073010
      2.8937875751503004        0.4350911828035014        0.2522144178413986       -0.0471435049408349       -0.0239697532574612
      2.9098196392785569        0.4610485338135157        0.2671778514672801       -0.0498026819361555       -0.0253023426534679
      2.9258517034068134        0.4885614859566965        0.2830337394912726       -0.0526130877828020       -0.0267100563393223
      2.9418837675350700        0.5177228693287784        0.2998350453492516       -0.0555832564478511       -0.0281970739078952
      2.9579158316633265        0.5486310759160558        0.3176378904570653       -0.0587222070278256       -0.0297678104104080
      2.9739478957915830        0.5813903915749334        0.3365017416729457       -0.0620394711357260       -0.0314269294650052
      2.9899799599198387        0.6161113478976948        0.3564896099347049       -0.0655451218443488       -0.0331793571033382
      3.0060120240480952        0.6529110951516995        0.3776682607352224       -0.0692498042737806       -0.0350302963962706
      3.0220440881763517        0.6919137975503260        0.4001084371392762       -0.0731647679159476       -0.0369852429021327
      3.0380761523046083        0.7332510521893242        0.4238850960866610       -0.0773019007943779       -0.0390500009833886
      3.0541082164328648        0.7770623330620897        0.4490776587709153       -0.0816737655629023       -0.0412307010401636
      3.0701402805611213        0.8234954616519907        0.4757702759300007       -0.0862936376529116       -0.0435338177117980
      3.0861723446893778        0.8727071056895485        0.5040521089350809       -0.0911755455850057       -0.0459661891004696
      3.1022044088176344        0.9248633077573053        0.5340176276163240       -0.0963343135674435       -0.0485350370739609
      3.1182364729458909        0.9801400455259182        0.5657669258205539       -0.1017856065107467       -0.0512479887078509
      3.1342685370741474        1.0387238255117430        0.5994060557548097       -0.1075459775951464       -0.0541130989307956
      3.1503006012024040        1.1008123123592797        0.6350473822326205       -0.1136329185353149       -0.0571388744401309
      3.1663326653306605        1.1666149957717049        0.6728099580062853       -0.1200649126950130       -0.0603342989588070
      3.1823647294589170        1.2363538973397556        0.7128199214388794       -0.1268614912129411       -0.0637088599086420
      3.1983967935871735        1.3102643196538339        0.7552109178443333       -0.1340432923102206       -0.0672725765790902
      3.2144288577154301        1.3885956402268800        0.8001245459029849       -0.1416321239595993       -0.0710360298751598
      3.2304609218436866        1.4716121529067467        0.8477108306437688       -0.1496510301066773       -0.0750103937328032
      3.2464929859719431        1.5595939596170449        0.8981287245729445       -0.1581243606442396       -0.0792074682950547
      3.2625250501001997        1.6528379154352379        0.9515466386232840       -0.1670778453521760       -0.0836397149474177
      3.2785571142284562        1.7516586301967261        1.0081430046972506       -0.1765386720275115       -0.0883202933165231
      3.2945891783567127        1.8563895300043862        1.0681068716832292       -0.1865355690417942       -0.0932631003419107
      3.3106212424849693        1.9673839822251509        1.1316385369356852       -0.1970988925765300       -0.0984828115369406
      3.3266533066132258        2.0850164877694235        1.1989502153285829       -0.2082607188015612       -0.1039949245613404
      3.3426853707414823        2.2096839446761414        1.2702667481169050       -0.2200549412762935       -0.1098158052347582
      3.3587174348697388        2.3418069872668870        1.3458263539740813       -0.2325173738695355       -0.1159627361279379
      3.3747494989979954        2.4818314053874180        1.4258814247140217       -0.2456858595104748       -0.1224539678757888
      3.3907815631262519        2.6302296485252148        1.5106993683557000       -0.2596003851010174       -0.1293087733646989
      3.4068136272545084        2.7875024198780083        1.6005635023463816       -0.2743032029384304       -0.1365475049549805
      3.4228456913827650        2.9541803657517614        1.6957739999271257       -0.2898389590169940       -0.1441916549083417
      3.4388777555110215        3.1308258659882129        1.7966488928017117       -0.3062548285982599       -0.1522639191998008
      3.4549098196392780        3.3180349314629844        1.9035251334582015       -0.3236006594615814       -0.1607882649035013
      3.4709418837675345        3.5164392150564976        2.0167597206916144       -0.3419291232699062       -0.1697900013525042
      3.4869739478957911        3.7267081428828237        2.1367308920872965       -0.3612958755104613       -0.1792958552838322
      3.5030060120240476        3.9495511729673409        2.2638393874482410       -0.3817597244960018       -0.1893340501918785
      3.5190380761523041        4.1857201889940887        2.3985097873865819       -0.4033828099398034       -0.1999343901257853
      3.5350701402805607        4.4360120371994451        2.5411919315505647       -0.4262307916466547       -0.2111283481795906
      3.5511022044088172        4.7012712149717393        2.6923624212242951       -0.4503730488928197       -0.2229491599378776
      3.5671342685370737        4.9823927202282627        2.8525262113194025       -0.4758828911004002       -0.2354319221543725
      3.5831663326653302        5.2803250711836300        3.0222182970763485       -0.5028377804458227       -0.2486136969564735
      3.5991983967935868        5.5960735066983327        3.2020055011094701       -0.5313195670784161       -0.2625336218851009
      3.6152304609218433        5.9307033780056324        3.3924883667650292       -0.5614147376633319       -0.2772330260965849
      3.6312625250500998        6.2853437432606469        3.5943031641166461       -0.5932146780035272       -0.2927555530716002
      3.6472945891783564        6.6611911770398198        3.8081240152987541       -0.6268159505382732       -0.3091472901954794
      3.6633266533066129        7.0595138076442225        4.0346651462773213       -0.6623205875608343       -0.3264569055946377
      3.6793587174348694        7.4816555958287472        4.2746832725794359       -0.6998364010456880       -0.3447357926353836
      3.6953907815631259        7.9290408693938490        4.5289801269508070       -0.7394773100260963       -0.3640382225141439
      3.7114228456913825        8.4031791289397724        4.7984051373843180       -0.7813636865161302       -0.3844215053921515
      3.7274549098196390        8.9056701409981258        5.0838582644650518       -0.8256227210275593       -0.4059461605530164
      3.7434869739478955        9.4382093357252810        5.3862930075093782       -0.8723888087915225       -0.4286760960883881
      3.7595190380761521       10.0025935273697026        5.7067195895395111       -0.9218039578577631       -0.4526787986452085
      3.7755511022044086       10.6007269768143360        6.0462083317323003       -0.9740182203106483       -0.4780255337979257
      3.7915831663326651       11.2346278166493931        6.4058932286139454       -1.0291901479113847       -0.5047915576405888
      3.8076152304609208       11.9064348604540555        6.7869757359428515       -1.0874872735500167       -0.5330563402270522
      3.8236472945891773       12.6184148192619503        7.1907287839332872       -1.1490866199691643       -0.5629038015226994
      3.8396793587174338       13.3729699495591206        7.6185010292252366       -1.2141752373042720       -0.5944225605682414
      3.8557114228456904       14.1726461586192354        8.0717213598032860       -1.2829507710726407       -0.6277061985953731
      3.8717434869739469       15.0201415945238317        8.5519036679123399       -1.3556220623359772       -0.6628535368754960
      3.8877755511022034       15.9183157498507661        9.0606519069131384       -1.4324097818588906       -0.6999689301264559
      3.9038076152304599       16.8701991097471833        9.5996654489689970       -1.5135471001889949       -0.7391625763484422
      3.9198396793587165       17.8790033769400800       10.1707447614600444       -1.5992803956933586       -0.7805508440089689
      3.9358717434869730       18.9481323081841708       10.7757974210859047       -1.6898700027012952       -0.8242566175483720
      3.9519038076152295       20.0811931987097871       11.4168444857457185       -1.7855910020252759       -0.8704096622316509
      3.9679358717434861       21.2820090534199124       12.0960272454795206       -1.8867340562604296       -0.9191470094299234
      3.9839679358717426       22.5546314859025934       12.8156143750211253       -1.9936062923990654       -0.9706133634754180
      3.9999999999999991       23.9033543887806452       13.5780095118542210       -2.1065322344403334       -1.0249615312979847
