 #SOBRE-RELAXACIO: 
           1   220.69198232900521     
           2   221.32567378994082     
           3   221.92484012787352     
           4   222.50415680864882     
           5   223.05787847652624     
           6   223.58347407880225     
           7   224.08184560676804     
           8   224.55340011334883     
           9   224.99796312843077     
          10   225.41559910800194     
          11   225.80650877834429     
          12   226.17100127377824     
          13   226.50952201575470     
          14   226.82260128890385     
          15   227.11085711081719     
          16   227.37496919292187     
          17   227.61767347111845     
          18   227.84068017025069     
          19   228.04556372614960     
          20   228.23372529025383     
          21   228.40640794212845     
          22   228.56475274732037     
          23   228.70979385887222     
          24   228.84248842145252     
          25   228.96371877633709     
          26   229.07429004456390     
          27   229.17489747799794     
          28   229.26614219851112     
          29   229.34857158092495     
          30   229.42267637063864     
          31   229.48888144639747     
          32   229.54755948438643     
          33   229.59904443779695     
          34   229.64363629419185     
          35   229.68160628147422     
          36   229.71320210582115     
          37   229.73865117234422     
          38   229.75815450201017     
          39   229.77188137192132     
          40   229.77995788222617     
          41   229.78246091958943     
          42   229.77941439423716     
          43   229.77078918188974     
          44   229.75650565219604     
          45   229.73643848510258     
          46   229.71042294235556     
          47   229.67826200311944     
          48   229.63973383384965     
          49   229.59459917366493     
          50   229.54260834201733     
          51   229.48350766197350     
          52   229.41704518005645     
          53   229.34297562253940     
          54   229.26106457749816     
          55   229.17109192446443     
          56   229.07285455684757     
          57   228.96616845609839     
          58   228.85087018432174     
          59   228.72681786470650     
          60   228.59389171850196     
          61   228.45199422426134     
          62   228.30104996062391     
          63   228.14100518859547     
          64   227.97182722358903     
          65   227.79350364173351     
          66   227.60604135937487     
          67   227.40946561941874     
          68   227.20381891328586     
          69   226.98915986281673     
          70   226.76556208248209     
          71   226.53311303872428     
          72   226.29191292015855     
          73   226.04207352965935     
          74   225.78371720703450     
          75   225.51697578898791     
          76   225.24198987874760     
          77   224.95890781090242     
          78   224.66788490308363     
          79   224.36908264990737     
          80   224.06266799534171     
          81   223.74881263509789     
          82   223.42769236297298     
          83   223.09948645357591     
          84   222.76437708237339     
          85   222.42254878061900     
          86   222.07418792433251     
          87   221.71948225587843     
          88   221.35862043705202     
          89   220.99179163246009     
          90   220.61918512207561     
          91   220.24098994181983     
          92   219.85739455104817     
          93   219.46858652581255     
          94   219.07475227678040     
          95   218.67607679069218     
          96   218.27274339425040     
          97   217.86493353933747     
          98   217.45282660847928     
          99   217.03659973948072     
         100   216.61642766818616     
         101   216.19248258833380     
         102   215.76493402750302     
         103   215.33394873818108     
         104   214.89969060300152     
         105   214.46232055324600     
         106   214.02199649972721     
         107   213.57887327520959     
         108   213.13310258755823     
         109   212.68483298284127     
         110   212.23420981764872     
         111   211.78137523992410     
         112   211.32646817764237     
         113   210.86962433470109     
         114   210.41097619342841     
         115   209.95065302314077     
         116   209.48878089422016     
         117   209.02548269720941     
         118   208.56087816645498     
         119   208.09508390785655     
         120   207.62821343031126     
         121   207.16037718046553     
         122   206.69168258041438     
         123   206.22223406801422     
         124   205.75213313949442     
         125   205.28147839407981     
         126   204.81036558035325     
         127   204.33888764411009     
         128   203.86713477747375     
         129   203.39519446905967     
         130   202.92315155499159     
         131   202.45108827058914     
         132   201.97908430256297     
         133   201.50721684156272     
         134   201.03556063494150     
         135   200.56418803960884     
         136   200.09316907485641     
         137   199.62257147505241     
         138   199.15246074210941     
         139   198.68290019763859     
         140   198.21395103471491     
         141   197.74567236918233     
         142   197.27812129043753     
         143   196.81135291163733     
         144   196.34542041927952     
         145   195.88037512211631     
         146   195.41626649936018     
         147   194.95314224815192     
         148   194.49104833026027     
         149   194.03002901799246     
         150   193.57012693929221     
         151   193.11138312201183     
         152   192.65383703734366     
         153   192.19752664240133     
         154   191.74248842194319     
         155   191.28875742923350     
         156   190.83636732603875     
         157   190.38535042175801     
         158   189.93573771168926     
         159   189.48755891443483     
         160   189.04084250844988     
         161   188.59561576774129     
         162   188.15190479672114     
         163   187.70973456422729     
         164   187.26912893671684     
         165   186.83011071064351     
         166   186.39270164403118     
         167   185.95692248725285     
         168   185.52279301302946     
         169   185.09033204565901     
         170   184.65955748948983     
         171   184.23048635665265     
         172   183.80313479406254     
         173   183.37751810970698     
         174   182.95365079823227     
         175   182.53154656584374     
         176   182.11121835453386     
         177   181.69267836565115     
         178   181.27593808282651     
         179   180.86100829426917     
         180   180.44789911444809     
         181   180.03662000517153     
         182   179.62717979608013     
         183   179.21958670456706     
         184   178.81384835513833     
         185   178.40997179822813     
         186   178.00796352848187     
         187   177.60782950252025     
         188   177.20957515619773     
         189   176.81320542136899     
         190   176.41872474217391     
         191   176.02613709085631     
         192   175.63544598312643     
         193   175.24665449308105     
         194   174.85976526769116     
         195   174.47478054087031     
         196   174.09170214713427     
         197   173.71053153486275     
         198   173.33126977917522     
         199   172.95391759442992     
         200   172.57847534635718     
         201   172.20494306383790     
         202   171.83332045033561     
         203   171.46360689499227     
         204   171.09580148339836     
         205   170.72990300804489     
         206   170.36590997846665     
         207   170.00382063108668     
         208   169.64363293876809     
         209   169.28534462008474     
         210   168.92895314831514     
         211   168.57445576017105     
         212   168.22184946426501     
         213   167.87113104932786     
         214   167.52229709218017     
         215   167.17534396546674     
         216   166.83026784516031     
         217   166.48706471784115     
         218   166.14573038775927     
         219   165.80626048368538     
         220   165.46865046555646     
         221   165.13289563092266     
         222   164.79899112120103     
         223   164.46693192774063     
         224   164.13671289770659     
         225   163.80832873978682     
         226   163.48177402972649     
         227   163.15704321569717     
         228   162.83413062350243     
         229   162.51303046162795     
         230   162.19373682613809     
         231   161.87624370542508     
         232   161.56054498481436     
         233   161.24663445102999     
         234   160.93450579652588     
         235   160.62415262368395     
         236   160.31556844888638     
         237   160.00874670646314     
         238   159.70368075251938     
         239   159.40036386864637     
         240   159.09878926551912     
         241   158.79895008638437     
         242   158.50083941044122     
         243   158.20445025611895     
         244   157.90977558425391     
         245   157.61680830116850     
         246   157.32554126165616     
         247   157.03596727187394     
         248   156.74807909214573     
         249   156.46186943967919     
         250   156.17733099119789     
         251   155.89445638549302     
         252   155.61323822589407     
         253   155.33366908266424     
         254   155.05574149532001     
         255   154.77944797487865     
         256   154.50478100603524     
         257   154.23173304927113     
         258   153.96029654289649     
         259   153.69046390502763     
         260   153.42222753550263     
         261   153.15557981773563     
         262   152.89051312051225     
         263   152.62701979972800     
         264   152.36509220007076     
         265   152.10472265664941     
         266   151.84590349657023     
         267   151.58862704046197     
         268   151.33288560395178     
         269   151.07867149909345     
         270   150.82597703574825     
         271   150.57479452292134     
         272   150.32511627005380     
         273   150.07693458827197     
         274   149.83024179159580     
         275   149.58503019810638     
         276   149.34129213107477     
         277   149.09901992005291     
         278   148.85820590192768     
         279   148.61884242193878     
         280   148.38092183466242     
         281   148.14443650496102     
         282   147.90937880890033     
         283   147.67574113463425     
         284   147.44351588325949     
         285   147.21269546963950     
         286   146.98327232319988     
         287   146.75523888869498     
         288   146.52858762694737     
         289   146.30331101556052     
         290   146.07940154960551     
         291   145.85685174228269     
         292   145.63565412555866     
         293   145.41580125078016     
         294   145.19728568926385     
         295   144.98010003286464     
         296   144.76423689452218     
         297   144.54968890878536     
         298   144.33644873231768     
         299   144.12450904438163     
         300   143.91386254730432     
         301   143.70450196692414     
         302   143.49642005301922     
         303   143.28960957971802     
         304   143.08406334589333     
         305   142.87977417553890     
         306   142.67673491813034     
         307   142.47493844896997     
         308   142.27437766951672     
         309   142.07504550770108     
         310   141.87693491822557     
         311   141.68003888285139     
         312   141.48435041067128     
         313   141.28986253836959     
         314   141.09656833046932     
         315   140.90446087956693     
         316   140.71353330655467     
         317   140.52377876083187     
         318   140.33519042050457     
         319   140.14776149257392     
         320   139.96148521311437     
         321   139.77635484744133     
         322   139.59236369026854     
         323   139.40950506585585     
         324   139.22777232814803     
         325   139.04715886090307     
         326   138.86765807781350     
         327   138.68926342261696     
         328   138.51196836920045     
         329   138.33576642169456     
         330   138.16065111456120     
         331   137.98661601267324     
         332   137.81365471138636     
         333   137.64176083660442     
         334   137.47092804483722     
         335   137.30115002325201     
         336   137.13242048971799     
         337   136.96473319284499     
         338   136.79808191201553     
         339   136.63246045741130     
         340   136.46786267003350     
         341   136.30428242171780     
         342   136.14171361514420     
         343   135.98015018384092     
         344   135.81958609218370     
         345   135.66001533539051     
         346   135.50143193951041     
         347   135.34382996140909     
         348   135.18720348874905     
         349   135.03154663996565     
         350   134.87685356423958     
         351   134.72311844146444     
         352   134.57033548221082     
         353   134.41849892768667     
         354   134.26760304969406     
         355   134.11764215058193     
         356   133.96861056319625     
         357   133.82050265082597     
         358   133.67331280714671     
         359   133.52703545616066     
         360   133.38166505213357     
         361   133.23719607952972     
         362   133.09362305294286     
         363   132.95094051702549     
         364   132.80914304641496     
         365   132.66822524565762     
         366   132.52818174913023     
         367   132.38900722095906     
         368   132.25069635493665     
         369   132.11324387443730     
         370   131.97664453232926     
         371   131.84089311088579     
         372   131.70598442169424     
         373   131.57191330556273     
         374   131.43867463242611     
         375   131.30626330124912     
         376   131.17467423992869     
         377   131.04390240519427     
         378   130.91394278250741     
         379   130.78479038595862     
         380   130.65644025816417     
         381   130.52888747016098     
         382   130.40212712130005     
         383   130.27615433913928     
         384   130.15096427933480     
         385   130.02655212553120     
         386   129.90291308925089     
         387   129.78004240978237     
         388   129.65793535406775     
         389   129.53658721658894     
         390   129.41599331925369     
         391   129.29614901127997     
         392   129.17704966908070     
         393   129.05869069614644     
         394   128.94106752292868     
         395   128.82417560672167     
         396   128.70801043154390     
         397   128.59256750801927     
         398   128.47784237325720     
         399   128.36383059073302     
         400   128.25052775016684     
         401   128.13792946740332     
         402   128.02603138428992     
         403   127.91482916855527     
         404   127.80431851368752     
         405   127.69449513881167     
         406   127.58535478856720     
         407   127.47689323298543     
         408   127.36910626736619     
         409   127.26198971215526     
         410   127.15553941282019     
         411   127.04975123972761     
         412   126.94462108801935     
         413   126.84014487748857     
         414   126.73631855245648     
         415   126.63313808164826     
         416   126.53059945806920     
         417   126.42869869888128     
         418   126.32743184527904     
         419   126.22679496236601     
         420   126.12678413903095     
         421   126.02739548782421     
         422   125.92862514483434     
         423   125.83046926956462     
         424   125.73292404480958     
         425   125.63598567653214     
         426   125.53965039374046     
         427   125.44391444836502     
         428   125.34877411513612     
         429   125.25422569146143     
         430   125.16026549730367     
         431   125.06688987505855     
         432   124.97409518943307     
         433   124.88187782732393     
         434   124.79023419769639     
         435   124.69916073146307     
         436   124.60865388136332     
         437   124.51871012184282     
         438   124.42932594893330     
         439   124.34049788013296     
         440   124.25222245428665     
         441   124.16449623146706     
         442   124.07731579285557     
         443   123.99067774062406     
         444   123.90457869781639     
         445   123.81901530823110     
         446   123.73398423630358     
         447   123.64948216698936     
         448   123.56550580564732     
         449   123.48205187792358     
         450   123.39911712963541     
         451   123.31669832665598     
         452   123.23479225479934     
         453   123.15339571970570     
         454   123.07250554672720     
         455   122.99211858081435     
         456   122.91223168640239     
         457   122.83284174729869     
         458   122.75394566656990     
         459   122.67554036643041     
         460   122.59762278813032     
         461   122.52018989184458     
         462   122.44323865656220     
         463   122.36676607997612     
         464   122.29076917837347     
         465   122.21524498652606     
         466   122.14019055758189     
         467   122.06560296295660     
         468   121.99147929222568     
         469   121.91781665301698     
         470   121.84461217090397     
         471   121.77186298929904     
         472   121.69956626934786     
         473   121.62771918982359     
         474   121.55631894702225     
         475   121.48536275465790     
         476   121.41484784375874     
         477   121.34477146256371     
         478   121.27513087641948     
         479   121.20592336767754     
         480   121.13714623559272     
         481   121.06879679622125     
         482   121.00087238231998     
         483   120.93337034324560     
         484   120.86628804485471     
         485   120.79962286940432     
         486   120.73337221545270     
         487   120.66753349776091     
         488   120.60210414719471     
         489   120.53708161062698     
         490   120.47246335084068     
         491   120.40824684643238     
         492   120.34442959171606     
         493   120.28100909662763     
         494   120.21798288662990     
         495   120.15534850261797     
         496   120.09310350082518     
         497   120.03124545272956     
         498   119.96977194496077     
         499   119.90868057920751     
         500   119.84796897212539     
         501   119.78763475524552     
         502   119.72767557488316     
         503   119.66808909204745     
         504   119.60887298235099     
         505   119.55002493592053     
         506   119.49154265730762     
         507   119.43342386540007     
         508   119.37566629333386     
         509   119.31826768840541     
         510   119.26122581198446     
         511   119.20453843942741     
         512   119.14820335999111     
         513   119.09221837674708     
         514   119.03658130649636     
         515   118.98128997968466     
         516   118.92634224031836     
         517   118.87173594588039     
         518   118.81746896724695     
         519   118.76353918860499     
         520   118.70994450736941     
         521   118.65668283410147     
         522   118.60375209242721     
         523   118.55115021895648     
         524   118.49887516320248     
         525   118.44692488750196     
         526   118.39529736693514     
         527   118.34399058924701     
         528   118.29300255476868     
         529   118.24233127633885     
         530   118.19197477922651     
         531   118.14193110105336     
         532   118.09219829171712     
         533   118.04277441331510     
         534   117.99365754006840     
         535   117.94484575824613     
         536   117.89633716609075     
         537   117.84812987374328     
         538   117.80022200316915     
         539   117.75261168808454     
         540   117.70529707388307     
         541   117.65827631756301     
         542   117.61154758765493     
         543   117.56510906414957     
         544   117.51895893842637     
         545   117.47309541318262     
         546   117.42751670236220     
         547   117.38222103108602     
         548   117.33720663558151     
         549   117.29247176311377     
         550   117.24801467191621     
         551   117.20383363112214     
         552   117.15992692069645     
         553   117.11629283136807     
         554   117.07292966456244     
         555   117.02983573233460     
         556   116.98700935730284     
         557   116.94444887258221     
         558   116.90215262171931     
         559   116.86011895862634     
         560   116.81834624751674     
         561   116.77683286284034     
         562   116.73557718921934     
         563   116.69457762138450     
         564   116.65383256411180     
         565   116.61334043215948     
         566   116.57309965020558     
         567   116.53310865278553     
         568   116.49336588423046     
         569   116.45386979860575     
         570   116.41461885964989     
         571   116.37561154071403     
         572   116.33684632470136     
         573   116.29832170400738     
         574   116.26003618046036     
         575   116.22198826526187     
         576   116.18417647892832     
         577   116.14659935123218     
         578   116.10925542114410     
         579   116.07214323677502     
         580   116.03526135531880     
         581   115.99860834299515     
         582   115.96218277499307     
         583   115.92598323541449     
         584   115.89000831721819     
         585   115.85425662216420     
         586   115.81872676075858     
         587   115.78341735219846     
         588   115.74832702431738     
         589   115.71345441353108     
         590   115.67879816478352     
         591   115.64435693149341     
         592   115.61012937550078     
         593   115.57611416701432     
         594   115.54230998455847     
         595   115.50871551492145     
         596   115.47532945310299     
         597   115.44215050226316     
         598   115.40917737367069     
         599   115.37640878665223     
         600   115.34384346854158     
         601   115.31148015462941     
         602   115.27931758811319     
         603   115.24735452004772     
         604   115.21558970929524     
         605   115.18402192247696     
         606   115.15264993392381     
         607   115.12147252562819     
         608   115.09048848719576     
         609   115.05969661579758     
         610   115.02909571612250     
         611   114.99868460033001     
         612   114.96846208800322     
         613   114.93842700610196     
         614   114.90857818891693     
         615   114.87891447802309     
         616   114.84943472223419     
         617   114.82013777755695     
         618   114.79102250714629     
         619   114.76208778125996     
         620   114.73333247721412     
         621   114.70475547933886     
         622   114.67635567893419     
         623   114.64813197422619     
         624   114.62008327032341     
         625   114.59220847917375     
         626   114.56450651952132     
         627   114.53697631686371     
         628   114.50961680340971     
         629   114.48242691803695     
         630   114.45540560625001     
         631   114.42855182013892     
         632   114.40186451833759     
         633   114.37534266598259     
         634   114.34898523467271     
         635   114.32279120242781     
         636   114.29675955364884     
         637   114.27088927907755     
         638   114.24517937575675     
         639   114.21962884699066     
         640   114.19423670230552     
         641   114.16900195741059     
         642   114.14392363415931     
         643   114.11900076051040     
         644   114.09423237048996     
         645   114.06961750415311     
         646   114.04515520754590     
         647   114.02084453266819     
         648   113.99668453743561     
         649   113.97267428564305     
         650   113.94881284692725     
         651   113.92509929673022     
         652   113.90153271626298     
         653   113.87811219246902     
         654   113.85483681798847     
         655   113.83170569112235     
         656   113.80871791579681     
         657   113.78587260152827     
         658   113.76316886338753     
         659   113.74060582196584     
         660   113.71818260333936     
         661   113.69589833903541     
         662   113.67375216599773     
         663   113.65174322655287     
         664   113.62987066837604     
         665   113.60813364445794     
         666   113.58653131307101     
         667   113.56506283773639     
         668   113.54372738719111     
         669   113.52252413535533     
         670   113.50145226129962     
         671   113.48051094921280     
         672   113.45969938836969     
         673   113.43901677309948     
         674   113.41846230275368     
         675   113.39803518167471     
         676   113.37773461916471     
         677   113.35755982945436     
         678   113.33751003167183     
         679   113.31758444981220     
         680   113.29778231270694     
         681   113.27810285399342     
         682   113.25854531208500     
         683   113.23910893014093     
         684   113.21979295603649     
         685   113.20059664233355     
         686   113.18151924625133     
         687   113.16256002963685     
         688   113.14371825893613     
         689   113.12499320516528     
         690   113.10638414388205     
         691   113.08789035515706     
         692   113.06951112354557     
         693   113.05124573805954     
         694   113.03309349213957     
         695   113.01505368362723     
         696   112.99712561473727     
         697   112.97930859203049     
         698   112.96160192638632     
         699   112.94400493297579     
         700   112.92651693123466     
         701   112.90913724483674     
         702   112.89186520166727     
         703   112.87470013379658     
         704   112.85764137745382     
         705   112.84068827300095     
         706   112.82384016490694     
         707   112.80709640172172     
         708   112.79045633605111     
         709   112.77391932453099     
         710   112.75748472780234     
         711   112.74115191048595     
         712   112.72492024115770     
         713   112.70878909232367     
         714   112.69275784039550     
         715   112.67682586566612     
         716   112.66099255228521     
         717   112.64525728823524     
         718   112.62961946530743     
         719   112.61407847907790     
         720   112.59863372888393     
         721   112.58328461780047     
         722   112.56803055261693     
         723   112.55287094381343     
         724   112.53780520553839     
         725   112.52283275558496     
         726   112.50795301536860     
         727   112.49316540990422     
         728   112.47846936778377     
         729   112.46386432115393     
         730   112.44934970569361     
         731   112.43492496059210     
         732   112.42058952852703     
         733   112.40634285564256     
         734   112.39218439152766     
         735   112.37811358919471     
         736   112.36412990505784     
         737   112.35023279891197     
         738   112.33642173391137     
         739   112.32269617654893     
         740   112.30905559663496     
         741   112.29549946727693     
         742   112.28202726485830     
         743   112.26863846901854     
         744   112.25533256263239     
         745   112.24210903178992     
         746   112.22896736577624     
         747   112.21590705705171     
         748   112.20292760123195     
         749   112.19002849706810     
         750   112.17720924642747     
         751   112.16446935427381     
         752   112.15180832864810     
         753   112.13922568064922     
         754   112.12672092441501     
         755   112.11429357710310     
         756   112.10194315887219     
         757   112.08966919286330     
         758   112.07747120518097     
         759   112.06534872487498     
         760   112.05330128392187     
         761   112.04132841720659     
         762   112.02942966250438     
         763   112.01760456046284     
         764   112.00585265458385     
         765   111.99417349120576     
         766   111.98256661948581     
         767   111.97103159138230     
         768   111.95956796163740     
         769   111.94817528775958     
         770   111.93685313000627     
         771   111.92560105136705     
         772   111.91441861754609     
         773   111.90330539694568     
         774   111.89226096064915     
         775   111.88128488240417     
         776   111.87037673860614     
         777   111.85953610828172     
         778   111.84876257307222     
         779   111.83805571721767     
         780   111.82741512754014     
         781   111.81684039342798     
         782   111.80633110681975     
         783   111.79588686218813     
         784   111.78550725652424     
         785   111.77519188932207     
         786   111.76494036256264     
         787   111.75475228069854     
         788   111.74462725063866     
         789   111.73456488173272     
         790   111.72456478575609     
         791   111.71462657689473     
         792   111.70474987173003     
         793   111.69493428922412     
         794   111.68517945070464     
         795   111.67548497985038     
         796   111.66585050267628     
         797   111.65627564751929     
         798   111.64676004502356     
         799   111.63730332812599     
         800   111.62790513204229     
         801   111.61856509425260     
         802   111.60928285448715     
         803   111.60005805471273     
         804   111.59089033911835     
         805   111.58177935410144     
         806   111.57272474825437     
         807   111.56372617235034     
         808   111.55478327933024     
         809   111.54589572428877     
         810   111.53706316446132     
         811   111.52828525921038     
         812   111.51956167001252     
         813   111.51089206044506     
         814   111.50227609617298     
         815   111.49371344493603     
         816   111.48520377653570     
         817   111.47674676282253     
         818   111.46834207768319     
         819   111.45998939702778     
         820   111.45168839877752     
         821   111.44343876285171     
         822   111.43524017115591     
         823   111.42709230756901     
         824   111.41899485793137     
         825   111.41094751003226     
         826   111.40294995359808     
         827   111.39500188027988     
         828   111.38710298364188     
         829   111.37925295914913     
         830   111.37145150415589     
         831   111.36369831789376     
         832   111.35599310146023     
         833   111.34833555780662     
         834   111.34072539172712     
         835   111.33316230984681     
         836   111.32564602061058     
         837   111.31817623427160     
         838   111.31075266288032     
         839   111.30337502027295     
         840   111.29604302206074     
         841   111.28875638561854     
         842   111.28151483007416     
         843   111.27431807629719     
         844   111.26716584688842     
         845   111.26005786616889     
         846   111.25299386016920     
         847   111.24597355661901     
         848   111.23899668493625     
         849   111.23206297621698     
         850   111.22517216322446     
         851   111.21832398037917     
         852   111.21151816374841     
         853   111.20475445103584     
         854   111.19803258157178     
         855   111.19135229630254     
         856   111.18471333778075     
         857   111.17811545015525     
         858   111.17155837916113     
         859   111.16504187210992     
         860   111.15856567787975     
         861   111.15212954690575     
         862   111.14573323117007     
         863   111.13937648419250     
         864   111.13305906102094     
         865   111.12678071822180     
         866   111.12054121387050     
         867   111.11434030754215     
         868   111.10817776030233     
         869   111.10205333469769     
         870   111.09596679474683     
         871   111.08991790593099     
         872   111.08390643518527     
         873   111.07793215088924     
         874   111.07199482285826     
         875   111.06609422233433     
         876   111.06023012197731     
         877   111.05440229585625     
         878   111.04861051944036     
         879   111.04285456959057     
         880   111.03713422455068     
         881   111.03144926393882     
         882   111.02579946873904     
         883   111.02018462129274     
         884   111.01460450529002     
         885   111.00905890576186     
         886   111.00354760907106     
         887   110.99807040290460     
         888   110.99262707626512     
         889   110.98721741946260     
         890   110.98184122410657     
         891   110.97649828309788     
         892   110.97118839062072     
         893   110.96591134213450     
         894   110.96066693436612     
         895   110.95545496530207     
         896   110.95027523418047     
         897   110.94512754148347     
         898   110.94001168892935     
         899   110.93492747946500     
         900   110.92987471725822     
         901   110.92485320769005     
         902   110.91986275734753     
         903   110.91490317401578     
         904   110.90997426667101     
         905   110.90507584547271     
         906   110.90020772175664     
         907   110.89536970802727     
         908   110.89056161795075     
         909   110.88578326634754     
         910   110.88103446918529     
         911   110.87631504357169     
         912   110.87162480774745     
         913   110.86696358107933     
         914   110.86233118405282     
         915   110.85772743826566     
         916   110.85315216642057     
         917   110.84860519231866     
         918   110.84408634085233     
         919   110.83959543799880     
         920   110.83513231081314     
         921   110.83069678742162     
         922   110.82628869701520     
         923   110.82190786984282     
         924   110.81755413720478     
         925   110.81322733144627     
         926   110.80892728595104     
         927   110.80465383513463     
         928   110.80040681443820     
         929   110.79618606032224     
         930   110.79199141025995     
         931   110.78782270273121     
         932   110.78367977721614     
         933   110.77956247418916     
         934   110.77547063511257     
         935   110.77140410243048     
         936   110.76736271956285     
         937   110.76334633089920     
         938   110.75935478179285     
         939   110.75538791855480     
         940   110.75144558844772     
         941   110.74752763968027     
         942   110.74363392140091     
         943   110.73976428369249     
         944   110.73591857756605     
         945   110.73209665495526     
         946   110.72829836871072     
         947   110.72452357259421     
         948   110.72077212127299     
         949   110.71704387031431     
         950   110.71333867617973     
         951   110.70965639621963     
         952   110.70599688866763     
         953   110.70236001263518     
         954   110.69874562810607     
         955   110.69515359593106     
         956   110.69158377782247     
         957   110.68803603634885     
         958   110.68451023492970     
         959   110.68100623783013     
         960   110.67752391015563     
         961   110.67406311784690     
         962   110.67062372767465     
         963   110.66720560723442     
         964   110.66380862494159     
         965   110.66043265002607     
         966   110.65707755252747     
         967   110.65374320328989     
         968   110.65042947395725     
         969   110.64713623696790     
         970   110.64386336554996     
         971   110.64061073371643     
         972   110.63737821626019     
         973   110.63416568874935     
         974   110.63097302752217     
         975   110.62780010968261     
         976   110.62464681309542     
         977   110.62151301638121     
         978   110.61839859891225     
         979   110.61530344080737     
         980   110.61222742292755     
         981   110.60917042687130     
         982   110.60613233497007     
         983   110.60311303028362     
         984   110.60011239659569     
         985   110.59713031840927     
         986   110.59416668094245     
         987   110.59122137012366     
         988   110.58829427258746     
         989   110.58538527567021     
         990   110.58249426740549     
         991   110.57962113652005     
         992   110.57676577242941     
         993   110.57392806523345     
         994   110.57110790571232     
         995   110.56830518532223     
         996   110.56551979619123     
         997   110.56275163111498     
         998   110.56000058355276     
         999   110.55726654762317     
        1000   110.55454941810022     
        1001   110.55184909040915     
        1002   110.54916546062243     
        1003   110.54649842545578     
        1004   110.54384788226422     
        1005   110.54121372903788     
        1006   110.53859586439839     
        1007   110.53599418759477     
        1008   110.53340859849953     
        1009   110.53083899760490     
        1010   110.52828528601897     
        1011   110.52574736546178     
        1012   110.52322513826164     
        1013   110.52071850735146     
        1014   110.51822737626459     
        1015   110.51575164913162     
        1016   110.51329123067632     
        1017   110.51084602621206     
        1018   110.50841594163828     
        1019   110.50600088343668     
        1020   110.50360075866772     
        1021   110.50121547496695     
        1022   110.49884494054164     
        1023   110.49648906416691     
        1024   110.49414775518254     
        1025   110.49182092348940     
        1026   110.48950847954566     
        1027   110.48721033436385     
        1028   110.48492639950695     
        1029   110.48265658708544     
        1030   110.48040080975338     
        1031   110.47815898070550     
        1032   110.47593101367364     
        1033   110.47371682292342     
        1034   110.47151632325109     
        1035   110.46932942997999     
        1036   110.46715605895751     
        1037   110.46499612655167     
        1038   110.46284954964804     
        1039   110.46071624564651     
        1040   110.45859613245796     
        1041   110.45648912850136     
        1042   110.45439515270033     
        1043   110.45231412448018     
        1044   110.45024596376480     
        1045   110.44819059097360     
        1046   110.44614792701827     
        1047   110.44411789329997     
        1048   110.44210041170604     
        1049   110.44009540460732     
        1050   110.43810279485480     
        1051   110.43612250577682     
        1052   110.43415446117622     
        1053   110.43219858532711     
        1054   110.43025480297240     
        1055   110.42832303932030     
        1056   110.42640322004198     
        1057   110.42449527126838     
        1058   110.42259911958756     
        1059   110.42071469204178     
        1060   110.41884191612449     
        1061   110.41698071977804     
        1062   110.41513103139026     
        1063   110.41329277979237     
        1064   110.41146589425560     
        1065   110.40965030448899     
        1066   110.40784594063631     
        1067   110.40605273327355     
        1068   110.40427061340623     
        1069   110.40249951246670     
        1070   110.40073936231160     
        1071   110.39899009521891     
        1072   110.39725164388584     
        1073   110.39552394142579     
        1074   110.39380692136605     
        1075   110.39210051764515     
        1076   110.39040466461022     
        1077   110.38871929701463     
        1078   110.38704435001537     
        1079   110.38537975917050     
        1080   110.38372546043686     
        1081   110.38208139016744     
        1082   110.38044748510895     
        1083   110.37882368239937     
        1084   110.37720991956560     
        1085   110.37560613452095     
        1086   110.37401226556297     
        1087   110.37242825137072     
        1088   110.37085403100272     
        1089   110.36928954389444     
        1090   110.36773472985597     
        1091   110.36618952906980     
        1092   110.36465388208845     
        1093   110.36312772983212     
        1094   110.36161101358651     
        1095   110.36010367500054     
        1096   110.35860565608407     
        1097   110.35711689920564     
        1098   110.35563734709039     
        1099   110.35416694281761     
        1100   110.35270562981889     
        1101   110.35125335187549     
        1102   110.34981005311660     
        1103   110.34837567801702     
        1104   110.34695017139491     
        1105   110.34553347840982     
        1106   110.34412554456054     
        1107   110.34272631568291     
        1108   110.34133573794793     
        1109   110.33995375785942     
        1110   110.33858032225230     
        1111   110.33721537829008     
        1112   110.33585887346341     
        1113   110.33451075558737     
        1114   110.33317097280013     
        1115   110.33183947356056     
        1116   110.33051620664631     
        1117   110.32920112115173     
        1118   110.32789416648635     
        1119   110.32659529237232     
        1120   110.32530444884294     
        1121   110.32402158624055     
        1122   110.32274665521454     
        1123   110.32147960671978     
        1124   110.32022039201416     
        1125   110.31896896265731     
        1126   110.31772527050838     
        1127   110.31648926772434     
        1128   110.31526090675796     
        1129   110.31404014035620     
        1130   110.31282692155825     
        1131   110.31162120369372     
        1132   110.31042294038097     
        1133   110.30923208552518     
        1134   110.30804859331657     
        1135   110.30687241822881     
        1136   110.30570351501706     
        1137   110.30454183871635     
        1138   110.30338734463984     
        1139   110.30223998837700     
        1140   110.30109972579213     
        1141   110.29996651302233     
        1142   110.29884030647608     
        1143   110.29772106283141     
        1144   110.29660873903443     
        1145   110.29550329229727     
        1146   110.29440468009700     
        1147   110.29331286017346     
        1148   110.29222779052795     
        1149   110.29114942942152     
        1150   110.29007773537334     
        1151   110.28901266715914     
        1152   110.28795418380959     
        1153   110.28690224460878     
        1154   110.28585680909261     
        1155   110.28481783704720     
        1156   110.28378528850736     
        1157   110.28275912375514     
        1158   110.28173930331819     
        1159   110.28072578796836     
        1160   110.27971853871992     
        1161   110.27871751682842     
        1162   110.27772268378897     
        1163   110.27673400133475     
        1164   110.27575143143574     
        1165   110.27477493629704     
        1166   110.27380447835739     
        1167   110.27284002028800     
        1168   110.27188152499090     
        1169   110.27092895559740     
        1170   110.26998227546700     
        1171   110.26904144818575     
        1172   110.26810643756475     
        1173   110.26717720763919     
        1174   110.26625372266642     
        1175   110.26533594712497     
        1176   110.26442384571297     
        1177   110.26351738334694     
        1178   110.26261652516025     
        1179   110.26172123650211     
        1180   110.26083148293571     
        1181   110.25994723023753     
        1182   110.25906844439541     
        1183   110.25819509160777     
        1184   110.25732713828189     
        1185   110.25646455103283     
        1186   110.25560729668221     
        1187   110.25475534225670     
        1188   110.25390865498694     
        1189   110.25306720230620     
        1190   110.25223095184920     
        1191   110.25139987145070     
        1192   110.25057392914449     
        1193   110.24975309316197     
        1194   110.24893733193097     
        1195   110.24812661407465     
        1196   110.24732090841022     
        1197   110.24652018394760     
        1198   110.24572440988842     
        1199   110.24493355562478     
        1200   110.24414759073804     
        1201   110.24336648499768     
        1202   110.24259020836016     
        1203   110.24181873096751     
        1204   110.24105202314679     
        1205   110.24029005540808     
        1206   110.23953279844434     
        1207   110.23878022312934     
        1208   110.23803230051716     
        1209   110.23728900184081     
        1210   110.23655029851126     
        1211   110.23581616211617     
        1212   110.23508656441899     
        1213   110.23436147735771     
        1214   110.23364087304385     
        1215   110.23292472376149     
        1216   110.23221300196592     
        1217   110.23150568028298     
        1218   110.23080273150755     
        1219   110.23010412860293     
        1220   110.22940984469949     
        1221   110.22871985309381     
        1222   110.22803412724758     
        1223   110.22735264078662     
        1224   110.22667536749977     
        1225   110.22600228133803     
        1226   110.22533335641337     
        1227   110.22466856699796     
        1228   110.22400788752299     
        1229   110.22335129257785     
        1230   110.22269875690888     
        1231   110.22205025541878     
        1232   110.22140576316531     
        1233   110.22076525536049     
        1234   110.22012870736961     
        1235   110.21949609471034     
        1236   110.21886739305174     
        1237   110.21824257821324     
        1238   110.21762162616380     
        1239   110.21700451302108     
        1240   110.21639121505031     
        1241   110.21578170866353     
        1242   110.21517597041860     
        1243   110.21457397701840     
        1244   110.21397570530981     
        1245   110.21338113228285     
        1246   110.21279023506990     
        1247   110.21220299094475     
        1248   110.21161937732157     
        1249   110.21103937175437     
        1250   110.21046295193580     
        1251   110.20989009569651     
        1252   110.20932078100432     
        1253   110.20875498596310     
        1254   110.20819268881225     
        1255   110.20763386792568     
        1256   110.20707850181101     
        1257   110.20652656910880     
        1258   110.20597804859156     
        1259   110.20543291916326     
        1260   110.20489115985806     
        1261   110.20435274984003     
        1262   110.20381766840191     
        1263   110.20328589496440     
        1264   110.20275740907569     
        1265   110.20223219041024     
        1266   110.20171021876818     
        1267   110.20119147407466     
        1268   110.20067593637891     
        1269   110.20016358585350     
        1270   110.19965440279358     
        1271   110.19914836761622     
        1272   110.19864546085944     
        1273   110.19814566318175     
        1274   110.19764895536109     
        1275   110.19715531829442     
        1276   110.19666473299668     
        1277   110.19617718060036     
        1278   110.19569264235442     
        1279   110.19521109962385     
        1280   110.19473253388892     
        1281   110.19425692674422     
        1282   110.19378425989841     
        1283   110.19331451517303     
        1284   110.19284767450212     
        1285   110.19238371993137     
        1286   110.19192263361761     
        1287   110.19146439782777     
        1288   110.19100899493863     
        1289   110.19055640743588     
        1290   110.19010661791341     
        1291   110.18965960907290     
        1292   110.18921536372277     
        1293   110.18877386477797     
        1294   110.18833509525891     
        1295   110.18789903829105     
        1296   110.18746567710421     
        1297   110.18703499503184     
        1298   110.18660697551051     
        1299   110.18618160207917     
        1300   110.18575885837855     
        1301   110.18533872815043     
        1302   110.18492119523731     
        1303   110.18450624358138     
        1304   110.18409385722434     
        1305   110.18368402030643     
        1306   110.18327671706587     
        1307   110.18287193183851     
        1308   110.18246964905690     
        1309   110.18206985324994     
        1310   110.18167252904219     
        1311   110.18127766115317     
        1312   110.18088523439700     
        1313   110.18049523368157     
        1314   110.18010764400823     
        1315   110.17972245047099     
        1316   110.17933963825595     
        1317   110.17895919264090     
        1318   110.17858109899468     
        1319   110.17820534277648     
        1320   110.17783190953543     
        1321   110.17746078491011     
        1322   110.17709195462773     
        1323   110.17672540450390     
        1324   110.17636112044183     
        1325   110.17599908843191     
        1326   110.17563929455112     
        1327   110.17528172496264     
        1328   110.17492636591506     
        1329   110.17457320374211     
        1330   110.17422222486194     
        1331   110.17387341577665     
        1332   110.17352676307182     
        1333   110.17318225341610     
        1334   110.17283987356035     
        1335   110.17249961033747     
        1336   110.17216145066173     
        1337   110.17182538152839     
        1338   110.17149139001296     
        1339   110.17115946327098     
        1340   110.17082958853737     
        1341   110.17050175312599     
        1342   110.17017594442903     
        1343   110.16985214991685     
        1344   110.16953035713705     
        1345   110.16921055371431     
        1346   110.16889272734991     
        1347   110.16857686582102     
        1348   110.16826295698044     
        1349   110.16795098875608     
        1350   110.16764094915051     
        1351   110.16733282624043     
        1352   110.16702660817633     
        1353   110.16672228318184     
        1354   110.16641983955355     
        1355   110.16611926566024     
        1356   110.16582054994275     
        1357   110.16552368091328     
        1358   110.16522864715519     
        1359   110.16493543732226     
        1360   110.16464404013855     
        1361   110.16435444439767     
        1362   110.16406663896278     
        1363   110.16378061276565     
        1364   110.16349635480657     
        1365   110.16321385415389     
        1366   110.16293309994340     
        1367   110.16265408137831     
        1368   110.16237678772829     
        1369   110.16210120832956     
        1370   110.16182733258414     
        1371   110.16155514995968     
        1372   110.16128464998886     
        1373   110.16101582226916     
        1374   110.16074865646227     
        1375   110.16048314229391     
        1376   110.16021926955321     
        1377   110.15995702809256     
        1378   110.15969640782693     
        1379   110.15943739873377     
        1380   110.15917999085249     
        1381   110.15892417428395     
        1382   110.15866993919036     
        1383   110.15841727579468     
        1384   110.15816617438036     
        1385   110.15791662529082     
        1386   110.15766861892934     
        1387   110.15742214575837     
        1388   110.15717719629951     
        1389   110.15693376113279     
        1390   110.15669183089649     
        1391   110.15645139628693     
        1392   110.15621244805786     
        1393   110.15597497702004     
        1394   110.15573897404126     
        1395   110.15550443004570     
        1396   110.15527133601363     
        1397   110.15503968298110     
        1398   110.15480946203958     
        1399   110.15458066433558     
        1400   110.15435328107041     
        1401   110.15412730349976     
        1402   110.15390272293334     
        1403   110.15367953073459     
        1404   110.15345771832047     
        1405   110.15323727716076     
        1406   110.15301819877824     
        1407   110.15280047474792     
        1408   110.15258409669701     
        1409   110.15236905630434     
        1410   110.15215534530039     
        1411   110.15194295546664     
        1412   110.15173187863529     
        1413   110.15152210668923     
        1414   110.15131363156145     
        1415   110.15110644523476     
        1416   110.15090053974160     
        1417   110.15069590716369     
        1418   110.15049253963163     
        1419   110.15029042932468     
        1420   110.15008956847056     
        1421   110.14988994934490     
        1422   110.14969156427119     
        1423   110.14949440562030     
        1424   110.14929846581026     
        1425   110.14910373730618     
        1426   110.14891021261941     
        1427   110.14871788430783     
        1428   110.14852674497530     
        1429   110.14833678727135     
        1430   110.14814800389109     
        1431   110.14796038757454     
        1432   110.14777393110687     
        1433   110.14758862731765     
        1434   110.14740446908091     
        1435   110.14722144931470     
        1436   110.14703956098089     
        1437   110.14685879708469     
        1438   110.14667915067479     
        1439   110.14650061484269     
        1440   110.14632318272270     
        1441   110.14614684749148     
        1442   110.14597160236795     
        1443   110.14579744061304     
        1444   110.14562435552909     
        1445   110.14545234046000     
        1446   110.14528138879089     
        1447   110.14511149394765     
        1448   110.14494264939684     
        1449   110.14477484864553     
        1450   110.14460808524071     
        1451   110.14444235276947     
        1452   110.14427764485842     
        1453   110.14411395517361     
        1454   110.14395127742029     
        1455   110.14378960534265     
        1456   110.14362893272333     
        1457   110.14346925338370     
        1458   110.14331056118318     
        1459   110.14315285001921     
        1460   110.14299611382681     
        1461   110.14284034657871     
        1462   110.14268554228480     
        1463   110.14253169499193     
        1464   110.14237879878389     
        1465   110.14222684778099     
        1466   110.14207583613987     
        1467   110.14192575805320     
        1468   110.14177660774985     
        1469   110.14162837949408     
        1470   110.14148106758569     
        1471   110.14133466635977     
        1472   110.14118917018642     
        1473   110.14104457347050     
        1474   110.14090087065151     
        1475   110.14075805620325     
        1476   110.14061612463381     
        1477   110.14047507048511     
        1478   110.14033488833284     
        1479   110.14019557278635     
        1480   110.14005711848812     
        1481   110.13991952011392     
        1482   110.13978277237227     
        1483   110.13964687000458     
        1484   110.13951180778464     
        1485   110.13937758051861     
        1486   110.13924418304474     
        1487   110.13911161023320     
        1488   110.13897985698590     
        1489   110.13884891823619     
        1490   110.13871878894878     
        1491   110.13858946411955     
        1492   110.13846093877530     
        1493   110.13833320797350     
        1494   110.13820626680231     
        1495   110.13808011038016     
        1496   110.13795473385566     
        1497   110.13783013240744     
        1498   110.13770630124392     
        1499   110.13758323560323     
        1500   110.13746093075274     
        1501   110.13733938198931     
        1502   110.13721858463873     
        1503   110.13709853405571     
        1504   110.13697922562365     
        1505   110.13686065475460     
        1506   110.13674281688890     
        1507   110.13662570749503     
        1508   110.13650932206963     
        1509   110.13639365613697     
        1510   110.13627870524923     
        1511   110.13616446498590     
        1512   110.13605093095387     
        1513   110.13593809878719     
        1514   110.13582596414690     
        1515   110.13571452272087     
        1516   110.13560377022361     
        1517   110.13549370239615     
        1518   110.13538431500578     
        1519   110.13527560384605     
        1520   110.13516756473642     
        1521   110.13506019352235     
        1522   110.13495348607476     
        1523   110.13484743829032     
        1524   110.13474204609091     
        1525   110.13463730542369     
        1526   110.13453321226088     
        1527   110.13442976259958     
        1528   110.13432695246168     
        1529   110.13422477789354     
        1530   110.13412323496605     
        1531   110.13402231977445     
        1532   110.13392202843804     
        1533   110.13382235710010     
        1534   110.13372330192779     
        1535   110.13362485911198     
        1536   110.13352702486699     
        1537   110.13342979543071     
        1538   110.13333316706415     
        1539   110.13323713605149     
        1540   110.13314169869986     
        1541   110.13304685133926     
        1542   110.13295259032230     
        1543   110.13285891202420     
        1544   110.13276581284261     
        1545   110.13267328919743     
        1546   110.13258133753067     
        1547   110.13248995430625     
        1548   110.13239913601021     
        1549   110.13230887915002     
        1550   110.13221918025491     
        1551   110.13213003587560     
        1552   110.13204144258393     
        1553   110.13195339697322     
        1554   110.13186589565757     
        1555   110.13177893527217     
        1556   110.13169251247301     
        1557   110.13160662393669     
        1558   110.13152126636042     
        1559   110.13143643646180     
        1560   110.13135213097870     
        1561   110.13126834666912     
        1562   110.13118508031127     
        1563   110.13110232870309     
        1564   110.13102008866244     
        1565   110.13093835702674     
        1566   110.13085713065311     
        1567   110.13077640641795     
        1568   110.13069618121705     
        1569   110.13061645196541     
        1570   110.13053721559702     
        1571   110.13045846906488     
        1572   110.13038020934083     
        1573   110.13030243341539     
        1574   110.13022513829779     
        1575   110.13014832101561     
        1576   110.13007197861488     
        1577   110.12999610815989     
        1578   110.12992070673309     
        1579   110.12984577143487     
        1580   110.12977129938366     
        1581   110.12969728771569     
        1582   110.12962373358489     
        1583   110.12955063416271     
        1584   110.12947798663818     
        1585   110.12940578821768     
        1586   110.12933403612482     
        1587   110.12926272760038     
        1588   110.12919185990226     
        1589   110.12912143030526     
        1590   110.12905143610101     
        1591   110.12898187459797     
        1592   110.12891274312112     
        1593   110.12884403901212     
        1594   110.12877575962892     
        1595   110.12870790234589     
        1596   110.12864046455364     
        1597   110.12857344365878     
        1598   110.12850683708417     
        1599   110.12844064226842     
        1600   110.12837485666606     
        1601   110.12830947774732     
        1602   110.12824450299804     
        1603   110.12817992991977     
        1604   110.12811575602932     
        1605   110.12805197885891     
        1606   110.12798859595600     
        1607   110.12792560488329     
        1608   110.12786300321844     
        1609   110.12780078855414     
        1610   110.12773895849801     
        1611   110.12767751067230     
        1612   110.12761644271420     
        1613   110.12755575227524     
        1614   110.12749543702169     
        1615   110.12743549463418     
        1616   110.12737592280759     
        1617   110.12731671925113     
        1618   110.12725788168814     
        1619   110.12719940785614     
        1620   110.12714129550649     
        1621   110.12708354240446     
        1622   110.12702614632931     
        1623   110.12696910507383     
        1624   110.12691241644454     
        1625   110.12685607826151     
        1626   110.12680008835831     
        1627   110.12674444458186     
        1628   110.12668914479238     
        1629   110.12663418686343     
        1630   110.12657956868158     
        1631   110.12652528814652     
        1632   110.12647134317093     
        1633   110.12641773168042     
        1634   110.12636445161336     
        1635   110.12631150092091     
        1636   110.12625887756685     
        1637   110.12620657952760     
        1638   110.12615460479211     
