   0.0000000000000000        40.000000000000000     
  0.10000000000000001        40.195682345950445     
  0.20000000000000001        40.391364750319291     
  0.30000000000000004        40.587047243913297     
  0.40000000000000002        40.782729857529844     
  0.50000000000000000        40.978412621954405     
  0.60000000000000009        41.174095567958076     
  0.70000000000000007        41.369778726295117     
  0.80000000000000004        41.565462127700449     
  0.90000000000000002        41.761145802887206     
   1.0000000000000000        41.956829782544226     
   1.1000000000000001        42.152514097333629     
   1.2000000000000002        42.348198777888307     
   1.3000000000000000        42.543883854809479     
   1.4000000000000001        42.739569358664212     
   1.5000000000000000        42.935255319982986     
   1.6000000000000001        43.130941769257205     
   1.7000000000000002        43.326628736936762     
   1.8000000000000000        43.522316253427597     
   1.9000000000000001        43.718004349089249     
   2.0000000000000000        43.913693054232375     
   2.1000000000000001        44.109382399116370     
   2.2000000000000002        44.305072413946874     
   2.3000000000000003        44.500763128873416     
   2.4000000000000004        44.696454573986891     
   2.5000000000000000        44.892146779317237     
   2.6000000000000001        45.087839774830947     
   2.7000000000000002        45.283533590428725     
   2.8000000000000003        45.479228255943021     
   2.9000000000000004        45.674923801135648     
   3.0000000000000000        45.870620255695428     
   3.1000000000000001        46.066317649235756     
   3.2000000000000002        46.262016011292246     
   3.3000000000000003        46.457715371320354     
   3.4000000000000004        46.653415758692994     
   3.5000000000000000        46.849117202698217     
   3.6000000000000001        47.044819732536808     
   3.7000000000000002        47.240523377319974     
   3.8000000000000003        47.436228166066996     
   3.9000000000000004        47.631934127702884     
   4.0000000000000000        47.827641291056082     
   4.1000000000000005        48.023349684856122     
   4.2000000000000002        48.219059337731338     
   4.2999999999999998        48.414770278206561     
   4.4000000000000004        48.610482534700822     
   4.5000000000000000        48.806196135525070     
   4.6000000000000005        49.001911108879916     
   4.7000000000000002        49.197627482853342     
   4.8000000000000007        49.393345285418469     
   4.9000000000000004        49.589064544431274     
   5.0000000000000000        49.784785287628353     
   5.1000000000000005        49.980507542624593     
   5.2000000000000002        50.176231336910824     
   5.3000000000000007        50.371956697851097     
   5.4000000000000004        50.567683652679392     
   5.5000000000000000        50.763412228494595     
   5.6000000000000005        50.959142452251690     
   5.7000000000000002        51.154874350744038     
   5.8000000000000007        51.350607950565795     
   5.9000000000000004        51.546343278030527     
   6.0000000000000000        51.742080358996013     
   6.1000000000000005        51.937819218491931     
   6.2000000000000002        52.133559879943618     
   6.3000000000000007        52.329302363585882     
   6.4000000000000004        52.525046683291670     
   6.5000000000000000        52.720792840369185     
   6.6000000000000005        52.916540811699086     
   6.7000000000000002        53.112290527556233     
   6.8000000000000007        53.308041831087074     
   6.9000000000000004        53.503794405967689     
   7.0000000000000000        53.699547650255077     
   7.1000000000000005        53.895300461582337     
   7.2000000000000002        54.091050880115333     
   7.3000000000000007        54.286795509469599     
   7.4000000000000004        54.482528600694458     
   7.5000000000000000        54.678240639825390     
   7.6000000000000005        54.873916226247545     
   7.7000000000000002        55.069530970520589     
   7.8000000000000007        55.265047083202873     
   7.9000000000000004        55.460407281770912     
   8.0000000000000000        55.655526626910358     
   8.0999999999999996        55.850281932398325     
   8.2000000000000011        56.044498496878724     
   8.3000000000000007        56.237934102003791     
   8.4000000000000004        56.430260523851707     
   8.5000000000000000        56.621043214104034     
   8.5999999999999996        56.809720305124635     
   8.7000000000000011        56.995582634838762     
   8.8000000000000007        57.177757002841922     
   8.9000000000000004        57.355195265900029     
   9.0000000000000000        57.526672054858899     
   9.0999999999999996        57.690793747543786     
   9.2000000000000011        57.846020792311414     
   9.3000000000000007        57.990704522659165     
   9.4000000000000004        58.123138279632329     
   9.5000000000000000        58.241621084833973     
   9.6000000000000014        58.344530469156048     
   9.7000000000000011        58.430399592302074     
   9.8000000000000007        58.497992725955321     
   9.9000000000000004        58.546372724433880     
   10.000000000000000        58.574954399026325     
   10.100000000000001        58.583538765371458     
   10.200000000000001        58.572324845539860     
   10.300000000000001        58.541897865949309     
   10.400000000000000        58.493195009982067     
   10.500000000000000        58.427452043646220     
   10.600000000000001        58.346135844917526     
   10.700000000000001        58.250868920568344     
   10.800000000000001        58.143352286641829     
   10.900000000000000        58.025292639717918     
   11.000000000000000        57.898338683900420     
   11.100000000000001        57.764030008406749     
   11.200000000000001        57.623760272955778     
   11.300000000000001        57.478754884212805     
   11.400000000000000        57.330062022886992     
   11.500000000000000        57.178554926818926     
   11.600000000000001        57.024942795477450     
   11.700000000000001        56.869787533847862     
   11.800000000000001        56.713523727549777     
   11.900000000000000        56.556479637755288     
   12.000000000000000        56.398897520008560     
   12.100000000000001        56.240952112805203     
   12.200000000000001        56.082766639447826     
   12.300000000000001        55.924426076267707     
   12.400000000000000        55.765987742739554     
   12.500000000000000        55.607489465187584     
   12.600000000000001        55.448955669863047     
   12.700000000000001        55.290401794117209     
   12.800000000000001        55.131837388573487     
   12.900000000000000        54.973268238761101     
   13.000000000000000        54.814697777559708     
   13.100000000000001        54.656128001212416     
   13.200000000000001        54.497560048405987     
   13.300000000000001        54.338994557311260     
   13.400000000000000        54.180431880385058     
   13.500000000000000        54.021872210516072     
   13.600000000000001        53.863315653363884     
   13.700000000000001        53.704762267878770     
   13.800000000000001        53.546212088477063     
   13.900000000000000        53.387665136901120     
   14.000000000000000        53.229121428419333     
   14.100000000000001        53.070580974994712     
   14.200000000000001        52.912043786868146     
   14.300000000000001        52.753509873331915     
   14.400000000000000        52.594979243099139     
   14.500000000000000        52.436451904476243     
   14.600000000000001        52.277927865441498     
   14.700000000000001        52.119407133679871     
   14.800000000000001        51.960889716597968     
   14.900000000000000        51.802375621330114     
   15.000000000000000        51.643864854740599     
   15.100000000000001        51.485357423424261     
   15.200000000000001        51.326853333706488     
   15.300000000000001        51.168352591642851     
   15.400000000000000        51.009855203018752     
   15.500000000000000        50.851361173348998     
   15.600000000000001        50.692870507877359     
   15.700000000000001        50.534383211576184     
   15.800000000000001        50.375899289146034     
   15.900000000000000        50.217418745015294     
   16.000000000000000        50.058941583339873     
   16.100000000000001        49.900467808002837     
   16.199999999999999        49.741997422614183     
   16.300000000000001        49.583530430510514     
   16.400000000000002        49.425066834754816     
   16.500000000000000        49.266606638136224     
   16.600000000000001        49.108149843169805     
   16.699999999999999        48.949696452096404     
   16.800000000000001        48.791246466882441     
   16.900000000000002        48.632799889219832     
   17.000000000000000        48.474356720525805     
   17.100000000000001        48.315916961942868     
   17.199999999999999        48.157480614338681     
   17.300000000000001        47.999047678306049     
   17.400000000000002        47.840618154162875     
   17.500000000000000        47.682192041952149     
   17.600000000000001        47.523769341441977     
   17.699999999999999        47.365350052125606     
   17.800000000000001        47.206934173221512     
   17.900000000000002        47.048521703673458     
   18.000000000000000        46.890112642150584     
   18.100000000000001        46.731706987047595     
   18.199999999999999        46.573304736484815     
   18.300000000000001        46.414905888308468     
   18.400000000000002        46.256510440090786     
   18.500000000000000        46.098118389130256     
   18.600000000000001        45.939729732451873     
   18.699999999999999        45.781344466807361     
   18.800000000000001        45.622962588675499     
   18.900000000000002        45.464584094262371     
   19.000000000000000        45.306208979501768     
   19.100000000000001        45.147837240055452     
   19.200000000000003        44.989468871313562     
   19.300000000000001        44.831103868395019     
   19.400000000000002        44.672742226147925     
   19.500000000000000        44.514383939149987     
   19.600000000000001        44.356029001708997     
   19.700000000000003        44.197677407863296     
   19.800000000000001        44.039329151382276     
   19.900000000000002        43.880984225766881     
   20.000000000000000        43.722642624250192     
   20.100000000000001        43.564304339797957     
   20.200000000000003        43.405969365109200     
   20.300000000000001        43.247637692616792     
   20.400000000000002        43.089309314488133     
   20.500000000000000        42.930984222625767     
   20.600000000000001        42.772662408668054     
   20.700000000000003        42.614343863989866     
   20.800000000000001        42.456028579703322     
   20.900000000000002        42.297716546658485     
   21.000000000000000        42.139407755444161     
   21.100000000000001        41.981102196388633     
   21.200000000000003        41.822799859560504     
   21.300000000000001        41.664500734769462     
   21.400000000000002        41.506204811567159     
   21.500000000000000        41.347912079248076     
   21.600000000000001        41.189622526850371     
   21.700000000000003        41.031336143156814     
   21.800000000000001        40.873052916695677     
   21.900000000000002        40.714772835741726     
   22.000000000000000        40.556495888317116     
   22.100000000000001        40.398222062192431     
   22.200000000000003        40.239951344887658     
   22.300000000000001        40.081683723673223     
   22.400000000000002        39.923419185571042     
   22.500000000000000        39.765157717355549     
   22.600000000000001        39.606899305554826     
   22.700000000000003        39.448643936451674     
   22.800000000000001        39.290391596084739     
   22.900000000000002        39.132142270249673     
   23.000000000000000        38.973895944500278     
   23.100000000000001        38.815652604149690     
   23.200000000000003        38.657412234271597     
   23.300000000000001        38.499174819701437     
   23.400000000000002        38.340940345037644     
   23.500000000000000        38.182708794642906     
   23.600000000000001        38.024480152645438     
   23.700000000000003        37.866254402940285     
   23.800000000000001        37.708031529190642     
   23.900000000000002        37.549811514829187     
   24.000000000000000        37.391594343059396     
   24.100000000000001        37.233379996856954     
   24.200000000000003        37.075168458971135     
   24.300000000000001        36.916959711926204     
   24.400000000000002        36.758753738022833     
   24.500000000000000        36.600550519339535     
   24.600000000000001        36.442350037734172     
   24.700000000000003        36.284152274845383     
   24.800000000000001        36.125957212094093     
   24.900000000000002        35.967764830685020     
   25.000000000000000        35.809575111608254     
   25.100000000000001        35.651388035640714     
   25.200000000000003        35.493203583347785     
   25.300000000000001        35.335021735084879     
   25.400000000000002        35.176842470999013     
   25.500000000000000        35.018665771030456     
   25.600000000000001        34.860491614914338     
   25.700000000000003        34.702319982182296     
   25.800000000000001        34.544150852164158     
   25.900000000000002        34.385984203989594     
   26.000000000000000        34.227820016589845     
   26.100000000000001        34.069658268699413     
   26.200000000000003        33.911498938857768     
   26.300000000000001        33.753342005411163     
   26.400000000000002        33.595187446514309     
   26.500000000000000        33.437035240132197     
   26.600000000000001        33.278885364041876     
   26.700000000000003        33.120737795834252     
   26.800000000000001        32.962592512915911     
   26.900000000000002        32.804449492510969     
   27.000000000000000        32.646308711662883     
   27.100000000000001        32.488170147236339     
   27.200000000000003        32.330033775919141     
   27.300000000000001        32.171899574224057     
   27.400000000000002        32.013767518490774     
   27.500000000000000        31.855637584887784     
   27.600000000000001        31.697509749414337     
   27.700000000000003        31.539383987902369     
   27.800000000000001        31.381260276018470     
   27.900000000000002        31.223138589265851     
   28.000000000000000        31.065018902986349     
   28.100000000000001        30.906901192362398     
   28.200000000000003        30.748785432419055     
   28.300000000000001        30.590671598026017     
   28.400000000000002        30.432559663899667     
   28.500000000000000        30.274449604605117     
   28.600000000000001        30.116341394558258     
   28.700000000000003        29.958235008027845     
   28.800000000000001        29.800130419137584     
   28.900000000000002        29.642027601868204     
   29.000000000000000        29.483926530059588     
   29.100000000000001        29.325827177412890     
   29.200000000000003        29.167729517492639     
   29.300000000000001        29.009633523728908     
   29.400000000000002        28.851539169419446     
   29.500000000000000        28.693446427731846     
   29.600000000000001        28.535355271705718     
   29.700000000000003        28.377265674254861     
   29.800000000000001        28.219177608169467     
   29.900000000000002        28.061091046118307     
   30.000000000000000        27.903005960650958     
   30.100000000000001        27.744922324200019     
   30.200000000000003        27.586840109083322     
   30.300000000000001        27.428759287506200     
   30.400000000000002        27.270679831563712     
   30.500000000000000        27.112601713242910     
   30.600000000000001        26.954524904425096     
   30.700000000000003        26.796449376888106     
   30.800000000000001        26.638375102308586     
   30.900000000000002        26.480302052264278     
   31.000000000000000        26.322230198236308     
   31.100000000000001        26.164159511611519     
   31.200000000000003        26.006089963684754     
   31.300000000000001        25.848021525661196     
   31.400000000000002        25.689954168658677     
   31.500000000000000        25.531887863710022     
   31.600000000000001        25.373822581765396     
   31.700000000000003        25.215758293694627     
   31.800000000000001        25.057694970289582     
   31.900000000000002        24.899632582266509     
   32.000000000000000        24.741571100268420     
   32.100000000000001        24.583510494867443     
   32.200000000000003        24.425450736567207     
   32.300000000000004        24.267391795805221     
   32.399999999999999        24.109333642955260     
   32.500000000000000        23.951276248329766     
   32.600000000000001        23.793219582182228     
   32.700000000000003        23.635163614709590     
   32.800000000000004        23.477108316054665     
   32.899999999999999        23.319053656308540     
   33.000000000000000        23.160999605512970     
   33.100000000000001        23.002946133662832     
   33.200000000000003        22.844893210708499     
   33.300000000000004        22.686840806558312     
   33.399999999999999        22.528788891080982     
   33.500000000000000        22.370737434108012     
   33.600000000000001        22.212686405436152     
   33.700000000000003        22.054635774829826     
   33.800000000000004        21.896585512023570     
   33.899999999999999        21.738535586724463     
   34.000000000000000        21.580485968614589     
   34.100000000000001        21.422436627353463     
   34.200000000000003        21.264387532580489     
   34.300000000000004        21.106338653917401     
   34.399999999999999        20.948289960970719     
   34.500000000000000        20.790241423334187     
   34.600000000000001        20.632193010591244     
   34.700000000000003        20.474144692317441     
   34.800000000000004        20.316096438082933     
   34.899999999999999        20.158048217454894     
   35.000000000000000        20.000000000000000     
