           0.000000000000             0.000000000000
           0.000099419923             0.000207629743
           0.000209719348             0.001252937995
           0.001353450373             0.001713730709
           0.002133262712             0.001167018405
           0.002082628362             0.000751233787
           0.001891280711             0.001698168882
           0.001215753885             0.001074840158
           0.001562115850             0.001560674442
           0.001649113847             0.001112526293
           0.001099419624             0.001223730479
           0.000282378564             0.001309735027
          -0.000320855725             0.000444702874
          -0.000348925072             0.000511733225
          -0.000695384282             0.000420769014
           0.000351741453             0.000136984620
           0.000951999902            -0.000667053319
           0.001498309731            -0.000326101394
           0.002018122305            -0.000206276179
           0.002597147252            -0.000873685300
           0.002044218556             0.000284364276
           0.001222484528             0.000642197923
           0.000579048650             0.000719841336
          -0.000516901791             0.000359320870
          -0.001303563243             0.000755996119
          -0.001303563243             0.000755996119
          -0.001303342014             0.000755217388
          -0.001302275481             0.000754065803
          -0.001301196000             0.000753122332
          -0.001299936110             0.000752180428
          -0.001299062261             0.000751874818
          -0.001299261749             0.000752607894
          -0.001298458522             0.000753550173
          -0.001297502624             0.000754541822
          -0.001295870986             0.000754994497
          -0.001293053039             0.000756212222
          -0.001290441836             0.000758269196
          -0.001287278836             0.000759955282
          -0.001284115532             0.000761640787
          -0.001280952901             0.000763325043
          -0.001277791442             0.000765007229
          -0.001274629190             0.000766687898
          -0.001271467942             0.000768366462
          -0.001268308265             0.000770043575
          -0.001265151677             0.000771720922
          -0.001261998175             0.000773398509
          -0.001258847753             0.000775076348
          -0.001255700406             0.000776754455
          -0.001252556131             0.000778432846
          -0.001249414922             0.000780111539
          -0.001249414922             0.000780111539
          -0.001249414922             0.000780111539
          -0.001249414922             0.000780111539
          -0.001249414922             0.000780111539
          -0.001249414922             0.000780111539
          -0.001249414922             0.000780111539
          -0.001249414922             0.000780111539
          -0.001249414922             0.000780111539
          -0.001249414922             0.000780111539
          -0.001249414922             0.000780111539
          -0.001249414922             0.000780111539
          -0.001249414922             0.000780111539
          -0.001249414922             0.000780111539
          -0.001249414922             0.000780111539
          -0.001249414922             0.000780111539
          -0.001249414922             0.000780111539
          -0.001249414922             0.000780111539
          -0.001249414922             0.000780111539
          -0.001249414922             0.000780111539
          -0.001249414922             0.000780111539
          -0.001249414922             0.000780111539
          -0.001249414922             0.000780111539
          -0.001249414922             0.000780111539
          -0.001249414922             0.000780111539
          -0.001249414922             0.000780111539
          -0.001249414922             0.000780111539
          -0.001249414922             0.000780111539
          -0.001249414922             0.000780111539
          -0.001249414922             0.000780111539
          -0.001249414922             0.000780111539
          -0.001249414922             0.000780111539
          -0.001249414922             0.000780111539
          -0.001249414922             0.000780111539
          -0.001249414922             0.000780111539
          -0.001249414922             0.000780111539
          -0.001249414922             0.000780111539
          -0.001249414922             0.000780111539
          -0.001249414922             0.000780111539
          -0.001249414922             0.000780111539
          -0.001249414922             0.000780111539
          -0.001249414922             0.000780111539
          -0.001249414922             0.000780111539
          -0.001249414922             0.000780111539
          -0.001249414922             0.000780111539
          -0.001249414922             0.000780111539
          -0.001249414922             0.000780111539
          -0.001249414922             0.000780111539
          -0.001249414922             0.000780111539
          -0.001249414922             0.000780111539
          -0.001249414922             0.000780111539
          -0.001249414922             0.000780111539
          -0.001249414922             0.000780111539
          -0.001249414922             0.000780111539
          -0.001249414922             0.000780111539
          -0.001249414922             0.000780111539
          -0.001249414922             0.000780111539
          -0.001249414922             0.000780111539
          -0.001249414922             0.000780111539
          -0.001249414922             0.000780111539
          -0.001249414922             0.000780111539
          -0.001249414922             0.000780111539
          -0.001249414922             0.000780111539
          -0.001249414922             0.000780111539
          -0.001249414922             0.000780111539
          -0.001249414922             0.000780111539
          -0.001249414922             0.000780111539
          -0.001249414922             0.000780111539
          -0.001249414922             0.000780111539
          -0.001249414922             0.000780111539
          -0.001249414922             0.000780111539
          -0.001249414922             0.000780111539
          -0.001249414922             0.000780111539
          -0.001249414922             0.000780111539
          -0.001249414922             0.000780111539
          -0.001249414922             0.000780111539
          -0.001249414922             0.000780111539
          -0.001249414922             0.000780111539
          -0.001249414922             0.000780111539
          -0.001249414922             0.000780111539
          -0.001249414922             0.000780111539
          -0.001249414922             0.000780111539
          -0.001249414922             0.000780111539
          -0.001249414922             0.000780111539
          -0.001249414922             0.000780111539
          -0.001249414922             0.000780111539
          -0.001249414922             0.000780111539
          -0.001249414922             0.000780111539
          -0.001249414922             0.000780111539
          -0.001249414922             0.000780111539
          -0.001249414922             0.000780111539
          -0.001249414922             0.000780111539
          -0.001249414922             0.000780111539
          -0.001249414922             0.000780111539
          -0.001249414922             0.000780111539
          -0.001249414922             0.000780111539
          -0.001249414922             0.000780111539
          -0.001249882250             0.000780814349
          -0.001249714663             0.000781704448
          -0.001248696843             0.000783030674
          -0.001249365757             0.000783886428
          -0.001250731697             0.000784355469
          -0.001251838399             0.000785319029
          -0.001252697563             0.000786148247
          -0.001254507842             0.000786699245
          -0.001256796427             0.000787340992
          -0.001259357838             0.000786397241
          -0.001260849155             0.000785178649
          -0.001262416114             0.000785281639
          -0.001263982663             0.000785384683
          -0.001265549930             0.000785487851
          -0.001267117443             0.000785591552
          -0.001268685138             0.000785697203
          -0.001270252914             0.000785806383
          -0.001271821556             0.000785920138
          -0.001273391962             0.000786039660
          -0.001274964134             0.000786164949
          -0.001276538069             0.000786296000
          -0.001278113760             0.000786432807
          -0.001279691201             0.000786575360
          -0.001281270386             0.000786723652
          -0.001282850439             0.000786874808
          -0.001284430492             0.000787025965
          -0.001286010546             0.000787177122
          -0.001287590599             0.000787328278
          -0.001289170652             0.000787479435
          -0.001290750706             0.000787630592
          -0.001292330759             0.000787781748
          -0.001293910812             0.000787932905
          -0.001295490866             0.000788084062
          -0.001297070919             0.000788235218
          -0.001298650972             0.000788386375
          -0.001300231026             0.000788537532
          -0.001301811079             0.000788688688
          -0.001303391132             0.000788839845
          -0.001304971185             0.000788991002
          -0.001306551239             0.000789142158
          -0.001308131292             0.000789293315
          -0.001309711345             0.000789444472
          -0.001311291399             0.000789595628
          -0.001312871452             0.000789746785
          -0.001314451505             0.000789897942
          -0.001316031559             0.000790049098
          -0.001317611612             0.000790200255
          -0.001319191665             0.000790351412
          -0.001320771719             0.000790502568
          -0.001322351772             0.000790653725
          -0.001323931825             0.000790804882
          -0.001325511879             0.000790956038
          -0.001327091932             0.000791107195
          -0.001328671985             0.000791258352
          -0.001330252039             0.000791409508
          -0.001331832092             0.000791560665
          -0.001333412145             0.000791711822
          -0.001334992199             0.000791862978
          -0.001336572252             0.000792014135
          -0.001338152305             0.000792165292
          -0.001339732359             0.000792316448
          -0.001341312412             0.000792467605
          -0.001342892465             0.000792618762
          -0.001344472519             0.000792769918
          -0.001346052572             0.000792921075
          -0.001347632625             0.000793072232
          -0.001349212679             0.000793223388
          -0.001350792732             0.000793374545
          -0.001352372785             0.000793525702
          -0.001353952839             0.000793676858
          -0.001355532892             0.000793828015
          -0.001357112945             0.000793979172
          -0.001358692848             0.000794130035
          -0.001360272105             0.000794280146
          -0.001361850941             0.000794428046
          -0.001363431609             0.000794572741
          -0.001365014794             0.000794715808
          -0.001366599796             0.000794858164
          -0.001368187434             0.000794999936
          -0.001369777708             0.000795141120
          -0.001371370626             0.000795281707
          -0.001372966196             0.000795421678
          -0.001374564430             0.000795561016
          -0.001376165338             0.000795699700
          -0.001377768932             0.000795837715
          -0.001379375211             0.000795975056
          -0.001380984177             0.000796111726
          -0.001382595830             0.000796247722
          -0.001384210169             0.000796383047
          -0.001385827194             0.000796517698
          -0.001387446905             0.000796651678
          -0.001389069303             0.000796784985
          -0.001390694387             0.000796917619
          -0.001392322158             0.000797049581
